0.33333, 0.5, 0,
  0.33333, -0.5, 0,
  0.28867, -0.5, -0.16666,
  0.33333, 0.5, 0,
  0.28867, 0.5, -0.16666,
  0.28867, -0.5, -0.16666,
  0.28867, 0.5, -0.16666,
  0.28867, -0.5, -0.16666,
  0.16666, -0.5, -0.28867,
  0.28867, 0.5, -0.16666,
  0.16666, 0.5, -0.28867,
  0.16666, -0.5, -0.28867,
  0.16666, 0.5, -0.28867,
  0.16666, -0.5, -0.28867,
  0, -0.5, -0.33333,
  0.16666, 0.5, -0.28867,
  0, 0.5, -0.33333,
  0, -0.5, -0.33333,
  0, 0.5, -0.33333,
  0, -0.5, -0.33333,
  -0.16666, -0.5, -0.28867,
  0, 0.5, -0.33333,
  -0.16666, 0.5, -0.28867,
  -0.16666, -0.5, -0.28867,
  -0.16666, 0.5, -0.28867,
  -0.16666, -0.5, -0.28867,
  -0.28867, -0.5, -0.16666,
  -0.16666, 0.5, -0.28867,
  -0.28867, 0.5, -0.16666,
  -0.28867, -0.5, -0.16666,
  -0.28867, 0.5, -0.16666,
  -0.28867, -0.5, -0.16666,
  -0.33333, -0.5, 0,
  -0.28867, 0.5, -0.16666,
  -0.33333, 0.5, 0,
  -0.33333, -0.5, 0,
  -0.33333, 0.5, 0,
  -0.33333, -0.5, 0,
  -0.28867, -0.5, 0.16666,
  -0.33333, 0.5, 0,
  -0.28867, 0.5, 0.16666,
  -0.28867, -0.5, 0.16666,
  -0.28867, 0.5, 0.16666,
  -0.28867, -0.5, 0.16666,
  -0.16666, -0.5, 0.28867,
  -0.28867, 0.5, 0.16666,
  -0.16666, 0.5, 0.28867,
  -0.16666, -0.5, 0.28867,
  -0.16666, 0.5, 0.28867,
  -0.16666, -0.5, 0.28867,
  0, -0.5, 0.33333,
  -0.16666, 0.5, 0.28867,
  0, 0.5, 0.33333,
  0, -0.5, 0.33333,
  0, 0.5, 0.33333,
  0, -0.5, 0.33333,
  0.16666, -0.5, 0.28867,
  0, 0.5, 0.33333,
  0.16666, 0.5, 0.28867,
  0.16666, -0.5, 0.28867,
  0.16666, 0.5, 0.28867,
  0.16666, -0.5, 0.28867,
  0.28867, -0.5, 0.16666,
  0.16666, 0.5, 0.28867,
  0.28867, 0.5, 0.16666,
  0.28867, -0.5, 0.16666,
  0.28867, 0.5, 0.16666,
  0.28867, -0.5, 0.16666,
  0.33333, -0.5, 0,
  0.28867, 0.5, 0.16666,
  0.33333, 0.5, 0,
  0.33333, -0.5, 0,
  0.33333, 0.5, 0,
  0.28867, 0.5, -0.16666,
  0, 0.5, 0,
  0.28867, 0.5, -0.16666,
  0.16666, 0.5, -0.28867,
  0, 0.5, 0,
  0.16666, 0.5, -0.28867,
  0, 0.5, -0.33333,
  0, 0.5, 0,
  0, 0.5, -0.33333,
  -0.16666, 0.5, -0.28867,
  0, 0.5, 0,
  -0.16666, 0.5, -0.28867,
  -0.28867, 0.5, -0.16666,
  0, 0.5, 0,
  -0.28867, 0.5, -0.16666,
  -0.33333, 0.5, 0,
  0, 0.5, 0,
  -0.33333, 0.5, 0,
  -0.28867, 0.5, 0.16666,
  0, 0.5, 0,
  -0.28867, 0.5, 0.16666,
  -0.16666, 0.5, 0.28867,
  0, 0.5, 0,
  -0.16666, 0.5, 0.28867,
  0, 0.5, 0.33333,
  0, 0.5, 0,
  0, 0.5, 0.33333,
  0.16666, 0.5, 0.28867,
  0, 0.5, 0,
  0.16666, 0.5, 0.28867,
  0.28867, 0.5, 0.16666,
  0, 0.5, 0,
  0.28867, 0.5, 0.16666,
  0.33333, 0.5, 0,
  0, 0.5, 0,
  0.28867, -0.5, -0.16666,
  0.33333, -0.5, 0,
  0, -0.5, 0,
  0.33333, -0.5, 0,
  0.28867, -0.5, 0.16666,
  0, -0.5, 0,
  0.28867, -0.5, 0.16666,
  0.16666, -0.5, 0.28867,
  0, -0.5, 0,
  0.16666, -0.5, 0.28867,
  0, -0.5, 0.33333,
  0, -0.5, 0,
  0, -0.5, 0.33333,
  -0.16666, -0.5, 0.28867,
  0, -0.5, 0,
  -0.16666, -0.5, 0.28867,
  -0.28867, -0.5, 0.16666,
  0, -0.5, 0,
  -0.28867, -0.5, 0.16666,
  -0.33333, -0.5, 0,
  0, -0.5, 0,
  -0.33333, -0.5, 0,
  -0.28867, -0.5, -0.16666,
  0, -0.5, 0,
  -0.28867, -0.5, -0.16666,
  -0.16666, -0.5, -0.28867,
  0, -0.5, 0,
  -0.16666, -0.5, -0.28867,
  0, -0.5, -0.33333,
  0, -0.5, 0,
  0, -0.5, -0.33333,
  0.16666, -0.5, -0.28867,
  0, -0.5, 0,
  0.16666, -0.5, -0.28867,
  0.28867, -0.5, -0.16666,
  0, -0.5, 0,
  0, -0.5, 0