0.0075, 0.04,
  0.0075, 0.9483,
  0.0350, 0.9483,
  0.0075, 0.04,
  0.0350, 0.04,
  0.0350, 0.9483,
  0.0350, 0.04,
  0.0350, 0.9483,
  0.0625, 0.9483,
  0.0350, 0.04,
  0.0625, 0.04,
  0.0625, 0.9483,
  0.0625, 0.04,
  0.0625, 0.9483,
  0.0900, 0.9483,
  0.0625, 0.04,
  0.0900, 0.04,
  0.0900, 0.9483,
  0.0900, 0.04,
  0.0900, 0.9483,
  0.1175, 0.9483,
  0.0900, 0.04,
  0.1175, 0.04,
  0.1175, 0.9483,
  0.1175, 0.04,
  0.1175, 0.9483,
  0.1451, 0.9483,
  0.1175, 0.04,
  0.1451, 0.04,
  0.1451, 0.9483,
  0.1451, 0.04,
  0.1451, 0.9483,
  0.1726, 0.9483,
  0.1451, 0.04,
  0.1726, 0.04,
  0.1726, 0.9483,
  0.1726, 0.04,
  0.1726, 0.9483,
  0.2001, 0.9483,
  0.1726, 0.04,
  0.2001, 0.04,
  0.2001, 0.9483,
  0.2001, 0.04,
  0.2001, 0.9483,
  0.2276, 0.9483,
  0.2001, 0.04,
  0.2276, 0.04,
  0.2276, 0.9483,
  0.2276, 0.04,
  0.2276, 0.9483,
  0.2551, 0.9483,
  0.2276, 0.04,
  0.2551, 0.04,
  0.2551, 0.9483,
  0.2551, 0.04,
  0.2551, 0.9483,
  0.2827, 0.9483,
  0.2551, 0.04,
  0.2827, 0.04,
  0.2827, 0.9483,
  0.2827, 0.04,
  0.2827, 0.9483,
  0.3102, 0.9483,
  0.2827, 0.04,
  0.3102, 0.04,
  0.3102, 0.9483,
  0.3102, 0.04,
  0.3102, 0.9483,
  0.3377, 0.9483,
  0.3102, 0.04,
  0.3377, 0.04,
  0.3377, 0.9483,
  0.9903, 0.3587,
  0.9470, 0.1971,
  0.6671, 0.3587,
  0.9470, 0.1971,
  0.8287, 0.0788,
  0.6671, 0.3587,
  0.8287, 0.0788,
  0.6671, 0.0355,
  0.6671, 0.3587,
  0.6671, 0.0355,
  0.5055, 0.0788,
  0.6671, 0.3587,
  0.5055, 0.0788,
  0.3873, 0.1971,
  0.6671, 0.3587,
  0.3873, 0.1971,
  0.3440, 0.3587,
  0.6671, 0.3587,
  0.3440, 0.3587,
  0.3873, 0.5202,
  0.6671, 0.3587,
  0.3873, 0.5202,
  0.5055, 0.6385,
  0.6671, 0.3587,
  0.5055, 0.6385,
  0.6671, 0.6818,
  0.6671, 0.3587,
  0.6671, 0.6818,
  0.8287, 0.6385,
  0.6671, 0.3587,
  0.8287, 0.6385,
  0.9470, 0.5202,
  0.6671, 0.3587,
  0.9470, 0.5202,
  0.9903, 0.3587,
  0.6671, 0.3587,
  0.8931, 0.8613,
  0.8992, 0.8385,
  0.8536, 0.8385,
  0.8992, 0.8385,
  0.8931, 0.8157,
  0.8536, 0.8385,
  0.8931, 0.8157,
  0.8764, 0.799,
  0.8536, 0.8385,
  0.8764, 0.799,
  0.8536, 0.7929,
  0.8536, 0.8385,
  0.8536, 0.7929,
  0.8307, 0.799,
  0.8536, 0.8385,
  0.8307, 0.799,
  0.8140, 0.8157,
  0.8536, 0.8385,
  0.8140, 0.8157,
  0.8079, 0.8385,
  0.8536, 0.8385,
  0.8079, 0.8385,
  0.8140, 0.8613,
  0.8536, 0.8385,
  0.8140, 0.8613,
  0.8307, 0.878,
  0.8536, 0.8385,
  0.8307, 0.878,
  0.8536, 0.8842,
  0.8536, 0.8385,
  0.8536, 0.8842,
  0.8764, 0.878,
  0.8536, 0.8385,
  0.8764, 0.878,
  0.8931, 0.8613,
  0.8536, 0.8385,
  0.8536, 0.8385