1, 0, 0,
  0.923876672408529, 0, -0.382690337190977,
  0.923876672408529, 0, -0.382690337190977,
  1, 0, 0,
  1, 0, 0,
  0.923876672408529, 0, -0.382690337190977,
  0.923876672408529, 0, -0.382690337190977,
  0.707106781186548, 0, -0.707106781186548,
  0.707106781186548, 0, -0.707106781186548,
  0.923876672408529, 0, -0.382690337190977,
  0.923876672408529, 0, -0.382690337190977,
  0.707106781186548, 0, -0.707106781186548,
  0.707106781186548, 0, -0.707106781186548,
  0.382690337190977, 0, -0.923876672408529,
  0.382690337190977, 0, -0.923876672408529,
  0.707106781186548, 0, -0.707106781186548,
  0.707106781186548, 0, -0.707106781186548,
  0.382690337190977, 0, -0.923876672408529,
  0.382690337190977, 0, -0.923876672408529,
  0, 0, -1,
  0, 0, -1,
  0.382690337190977, 0, -0.923876672408529,
  0.382690337190977, 0, -0.923876672408529,
  0, 0, -1,
  0, 0, -1,
  -0.382690337190977, 0, -0.923876672408529,
  -0.382690337190977, 0, -0.923876672408529,
  0, 0, -1,
  0, 0, -1,
  -0.382690337190977, 0, -0.923876672408529,
  -0.382690337190977, 0, -0.923876672408529,
  -0.707106781186548, 0, -0.707106781186548,
  -0.707106781186548, 0, -0.707106781186548,
  -0.382690337190977, 0, -0.923876672408529,
  -0.382690337190977, 0, -0.923876672408529,
  -0.707106781186548, 0, -0.707106781186548,
  -0.707106781186548, 0, -0.707106781186548,
  -0.923876672408529, 0, -0.382690337190977,
  -0.923876672408529, 0, -0.382690337190977,
  -0.707106781186548, 0, -0.707106781186548,
  -0.707106781186548, 0, -0.707106781186548,
  -0.923876672408529, 0, -0.382690337190977,
  -0.923876672408529, 0, -0.382690337190977,
  -1, 0, 0,
  -1, 0, 0,
  -0.923876672408529, 0, -0.382690337190977,
  -0.923876672408529, 0, -0.382690337190977,
  -1, 0, 0,
  -1, 0, 0,
  -0.923876672408529, 0, 0.382690337190977,
  -0.923876672408529, 0, 0.382690337190977,
  -1, 0, 0,
  -1, 0, 0,
  -0.923876672408529, 0, 0.382690337190977,
  -0.923876672408529, 0, 0.382690337190977,
  -0.707106781186548, 0, 0.707106781186548,
  -0.707106781186548, 0, 0.707106781186548,
  -0.923876672408529, 0, 0.382690337190977,
  -0.923876672408529, 0, 0.382690337190977,
  -0.707106781186548, 0, 0.707106781186548,
  -0.707106781186548, 0, 0.707106781186548,
  -0.382690337190977, 0, 0.923876672408529,
  -0.382690337190977, 0, 0.923876672408529,
  -0.707106781186548, 0, 0.707106781186548,
  -0.707106781186548, 0, 0.707106781186548,
  -0.382690337190977, 0, 0.923876672408529,
  -0.382690337190977, 0, 0.923876672408529,
  0, 0, 1,
  0, 0, 1,
  -0.382690337190977, 0, 0.923876672408529,
  -0.382690337190977, 0, 0.923876672408529,
  0, 0, 1,
  0, 0, 1,
  0.382690337190977, 0, 0.923876672408529,
  0.382690337190977, 0, 0.923876672408529,
  0, 0, 1,
  0, 0, 1,
  0.382690337190977, 0, 0.923876672408529,
  0.382690337190977, 0, 0.923876672408529,
  0.707106781186548, 0, 0.707106781186548,
  0.707106781186548, 0, 0.707106781186548,
  0.382690337190977, 0, 0.923876672408529,
  0.382690337190977, 0, 0.923876672408529,
  0.707106781186548, 0, 0.707106781186548,
  0.707106781186548, 0, 0.707106781186548,
  0.923876672408529, 0, 0.382690337190977,
  0.923876672408529, 0, 0.382690337190977,
  0.707106781186548, 0, 0.707106781186548,
  0.707106781186548, 0, 0.707106781186548,
  0.923876672408529, 0, 0.382690337190977,
  0.923876672408529, 0, 0.382690337190977,
  1, 0, 0,
  1, 0, 0,
  0.923876672408529, 0, 0.382690337190977,
  0.923876672408529, 0, 0.382690337190977,
  1, 0, 0,
  0, -1, 0,
  0, -1, 0,
  0, -1, 0,
  0, -1, 0,
  0, -1, 0,
  0, -1, 0,
  0, -1, 0,
  0, -1, 0,
  0, -1, 0,
  0, -1, 0,
  0, -1, 0,
  0, -1, 0,
  0, -1, 0,
  0, -1, 0,
  0, -1, 0,
  0, -1, 0,
  0, -1, 0,
  0, -1, 0,
  0, -1, 0,
  0, -1, 0,
  0, -1, 0,
  0, -1, 0,
  0, -1, 0,
  0, -1, 0,
  0, -1, 0,
  0, -1, 0,
  0, -1, 0,
  0, -1, 0,
  0, -1, 0,
  0, -1, 0,
  0, -1, 0,
  0, -1, 0,
  0, -1, 0,
  0, -1, 0,
  0, -1, 0,
  0, -1, 0,
  0, -1, 0,
  0, -1, 0,
  0, -1, 0,
  0, -1, 0,
  0, -1, 0,
  0, -1, 0,
  0, 1, 0,
  0, 1, 0,
  0, 1, 0,
  0, 1, 0,
  0, 1, 0,
  0, 1, 0,
  0, 1, 0,
  0, 1, 0,
  0, 1, 0,
  0, 1, 0,
  0, 1, 0,
  0, 1, 0,
  0, 1, 0,
  0, 1, 0,
  0, 1, 0,
  0, 1, 0,
  0, 1, 0,
  0, 1, 0,
  0, 1, 0,
  0, 1, 0,
  0, 1, 0,
  0, 1, 0,
  0, 1, 0,
  0, 1, 0,
  0, 1, 0,
  0, 1, 0,
  0, 1, 0,
  0, 1, 0,
  0, 1, 0,
  0, 1, 0,
  0, 1, 0,
  0, 1, 0,
  0, 1, 0,
  0, 1, 0,
  0, 1, 0,
  0, 1, 0,
  0, 1, 0,
  0, 1, 0,
  0, 1, 0,
  0, 1, 0,
  0, 1, 0,
  0, 1, 0