0.70391, -0.10294, 0.70278,
  0.90369, -0.09601, 0.41726,
  0.90392, -0.09915, 0.41604,
  0.70391, -0.10294, 0.70278,
  0.70388, -0.10295, 0.70281,
  0.90392, -0.09915, 0.41604,
  0.90369, -0.09601, 0.41726,
  0.99328, -0.0817, 0.08194,
  0.99303, -0.0865, 0.08004,
  0.90369, -0.09601, 0.41726,
  0.90392, -0.09915, 0.41604,
  0.99303, -0.0865, 0.08004,
  0.99328, -0.0817, 0.08194,
  0.96277, -0.06675, -0.26191,
  0.96205, -0.07094, -0.26345,
  0.99328, -0.0817, 0.08194,
  0.99303, -0.0865, 0.08004,
  0.96205, -0.07094, -0.26345,
  0.96277, -0.06675, -0.26191,
  0.81724, -0.05811, -0.57334,
  0.81676, -0.05974, -0.57387,
  0.96277, -0.06675, -0.26191,
  0.96205, -0.07094, -0.26345,
  0.81676, -0.05974, -0.57387,
  0.81724, -0.05811, -0.57334,
  0.57451, -0.05976, -0.81631,
  0.57508, -0.05809, -0.81602,
  0.81724, -0.05811, -0.57334,
  0.81676, -0.05974, -0.57387,
  0.57508, -0.05809, -0.81602,
  0.57451, -0.05976, -0.81631,
  0.26257, -0.07095, -0.96229,
  0.2643, -0.0668, -0.96212,
  0.57451, -0.05976, -0.81631,
  0.57508, -0.05809, -0.81602,
  0.2643, -0.0668, -0.96212,
  0.26257, -0.07095, -0.96229,
  -0.08223, -0.08653, -0.99284,
  -0.08027, -0.08181, -0.9934,
  0.26257, -0.07095, -0.96229,
  0.2643, -0.0668, -0.96212,
  -0.08027, -0.08181, -0.9934,
  -0.08223, -0.08653, -0.99284,
  -0.41826, -0.09918, -0.90289,
  -0.41719, -0.09611, -0.90372,
  -0.08223, -0.08653, -0.99284,
  -0.08027, -0.08181, -0.9934,
  -0.41719, -0.09611, -0.90372,
  -0.41826, -0.09918, -0.90289,
  -0.70391, -0.10294, -0.70278,
  -0.70388, -0.10295, -0.70281,
  -0.41826, -0.09918, -0.90289,
  -0.41719, -0.09611, -0.90372,
  -0.70388, -0.10295, -0.70281,
  -0.70391, -0.10294, -0.70278,
  -0.90369, -0.09601, -0.41726,
  -0.90392, -0.09915, -0.41604,
  -0.70391, -0.10294, -0.70278,
  -0.70388, -0.10295, -0.70281,
  -0.90392, -0.09915, -0.41604,
  -0.90369, -0.09601, -0.41726,
  -0.99328, -0.0817, -0.08194,
  -0.99302, -0.0865, -0.08004,
  -0.90369, -0.09601, -0.41726,
  -0.90392, -0.09915, -0.41604,
  -0.99302, -0.0865, -0.08004,
  -0.99328, -0.0817, -0.08194,
  -0.96277, -0.06675, 0.26191,
  -0.96205, -0.07094, 0.26345,
  -0.99328, -0.0817, -0.08194,
  -0.99302, -0.0865, -0.08004,
  -0.96205, -0.07094, 0.26345,
  -0.96277, -0.06675, 0.26191,
  -0.81724, -0.05811, 0.57334,
  -0.81676, -0.05974, 0.57387,
  -0.96277, -0.06675, 0.26191,
  -0.96205, -0.07094, 0.26345,
  -0.81676, -0.05974, 0.57387,
  -0.81724, -0.05811, 0.57334,
  -0.57451, -0.05976, 0.81631,
  -0.57508, -0.05809, 0.81602,
  -0.81724, -0.05811, 0.57334,
  -0.81676, -0.05974, 0.57387,
  -0.57508, -0.05809, 0.81602,
  -0.57451, -0.05976, 0.81631,
  -0.26257, -0.07095, 0.96229,
  -0.2643, -0.0668, 0.96212,
  -0.57451, -0.05976, 0.81631,
  -0.57508, -0.05809, 0.81602,
  -0.2643, -0.0668, 0.96212,
  -0.26257, -0.07095, 0.96229,
  0.08223, -0.08653, 0.99284,
  0.08027, -0.08181, 0.9934,
  -0.26257, -0.07095, 0.96229,
  -0.2643, -0.0668, 0.96212,
  0.08027, -0.08181, 0.9934,
  0.08223, -0.08653, 0.99284,
  0.41826, -0.09919, 0.90289,
  0.41719, -0.0961, 0.90372,
  0.08223, -0.08653, 0.99284,
  0.08027, -0.08181, 0.9934,
  0.41719, -0.0961, 0.90372,
  0.41826, -0.09919, 0.90289,
  0.70391, -0.10294, 0.70278,
  0.70388, -0.10295, 0.70281,
  0.41826, -0.09919, 0.90289,
  0.41719, -0.0961, 0.90372,
  0.70388, -0.10295, 0.70281,
  0.82136, 0.00127, 0.5704,
  0.82136, 0.00127, 0.5704,
  0.82136, 0.00127, 0.5704,
  0.82136, 0.00127, 0.5704,
  0.82136, 0.00127, 0.5704,
  0.82136, 0.00127, 0.5704,
  0.9684, 0.00012, 0.24939,
  0.9684, 0.00012, 0.24939,
  0.9684, 0.00012, 0.24939,
  0.9684, 0.00012, 0.24939,
  0.9684, 0.00012, 0.24939,
  0.9684, 0.00012, 0.24939,
  0.99517, -0.00162, -0.09811,
  0.99517, -0.00162, -0.09811,
  0.99517, -0.00162, -0.09811,
  0.99517, -0.00162, -0.09811,
  0.99517, -0.00162, -0.09811,
  0.99517, -0.00162, -0.09811,
  0.90326, -0.00313, -0.42907,
  0.90326, -0.00313, -0.42907,
  0.90326, -0.00313, -0.42907,
  0.90326, -0.00313, -0.42907,
  0.90326, -0.00313, -0.42907,
  0.90326, -0.00313, -0.42907,
  0.7071, -0.00373, -0.7071,
  0.7071, -0.00373, -0.7071,
  0.7071, -0.00373, -0.7071,
  0.7071, -0.00373, -0.7071,
  0.7071, -0.00373, -0.7071,
  0.7071, -0.00373, -0.7071,
  0.42907, -0.00313, -0.90326,
  0.42907, -0.00313, -0.90326,
  0.42907, -0.00313, -0.90326,
  0.42907, -0.00313, -0.90326,
  0.42907, -0.00313, -0.90326,
  0.42907, -0.00313, -0.90326,
  0.09811, -0.00162, -0.99517,
  0.09811, -0.00162, -0.99517,
  0.09811, -0.00162, -0.99517,
  0.09811, -0.00162, -0.99517,
  0.09811, -0.00162, -0.99517,
  0.09811, -0.00162, -0.99517,
  -0.24939, 0.00012, -0.9684,
  -0.24939, 0.00012, -0.9684,
  -0.24939, 0.00012, -0.9684,
  -0.24939, 0.00012, -0.9684,
  -0.24939, 0.00012, -0.9684,
  -0.24939, 0.00012, -0.9684,
  -0.5704, 0.00127, -0.82136,
  -0.5704, 0.00127, -0.82136,
  -0.5704, 0.00127, -0.82136,
  -0.5704, 0.00127, -0.82136,
  -0.5704, 0.00127, -0.82136,
  -0.5704, 0.00127, -0.82136,
  -0.82136, 0.00127, -0.5704,
  -0.82136, 0.00127, -0.5704,
  -0.82136, 0.00127, -0.5704,
  -0.82136, 0.00127, -0.5704,
  -0.82136, 0.00127, -0.5704,
  -0.82136, 0.00127, -0.5704,
  -0.9684, 0.00012, -0.24939,
  -0.9684, 0.00012, -0.24939,
  -0.9684, 0.00012, -0.24939,
  -0.9684, 0.00012, -0.24939,
  -0.9684, 0.00012, -0.24939,
  -0.9684, 0.00012, -0.24939,
  -0.99517, -0.00162, 0.09811,
  -0.99517, -0.00162, 0.09811,
  -0.99517, -0.00162, 0.09811,
  -0.99517, -0.00162, 0.09811,
  -0.99517, -0.00162, 0.09811,
  -0.99517, -0.00162, 0.09811,
  -0.90326, -0.00313, 0.42907,
  -0.90326, -0.00313, 0.42907,
  -0.90326, -0.00313, 0.42907,
  -0.90326, -0.00313, 0.42907,
  -0.90326, -0.00313, 0.42907,
  -0.90326, -0.00313, 0.42907,
  -0.7071, -0.00373, 0.7071,
  -0.7071, -0.00373, 0.7071,
  -0.7071, -0.00373, 0.7071,
  -0.7071, -0.00373, 0.7071,
  -0.7071, -0.00373, 0.7071,
  -0.7071, -0.00373, 0.7071,
  -0.42907, -0.00313, 0.90326,
  -0.42907, -0.00313, 0.90326,
  -0.42907, -0.00313, 0.90326,
  -0.42907, -0.00313, 0.90326,
  -0.42907, -0.00313, 0.90326,
  -0.42907, -0.00313, 0.90326,
  -0.09811, -0.00162, 0.99517,
  -0.09811, -0.00162, 0.99517,
  -0.09811, -0.00162, 0.99517,
  -0.09811, -0.00162, 0.99517,
  -0.09811, -0.00162, 0.99517,
  -0.09811, -0.00162, 0.99517,
  0.24938, 0.00012, 0.9684,
  0.24938, 0.00012, 0.9684,
  0.24938, 0.00012, 0.9684,
  0.24938, 0.00012, 0.9684,
  0.24938, 0.00012, 0.9684,
  0.24938, 0.00012, 0.9684,
  0.5704, 0.00127, 0.82136,
  0.5704, 0.00127, 0.82136,
  0.5704, 0.00127, 0.82136,
  0.5704, 0.00127, 0.82136,
  0.5704, 0.00127, 0.82136,
  0.5704, 0.00127, 0.82136,
  0.81527, 0.13719, 0.56259,
  0.81527, 0.13719, 0.56259,
  0.81527, 0.13719, 0.56259,
  0.81527, 0.13719, 0.56259,
  0.81527, 0.13719, 0.56259,
  0.81527, 0.13719, 0.56259,
  0.95956, 0.1478, 0.23954,
  0.95956, 0.1478, 0.23954,
  0.95956, 0.1478, 0.23954,
  0.95956, 0.1478, 0.23954,
  0.95956, 0.1478, 0.23954,
  0.95956, 0.1478, 0.23954,
  0.98092, 0.16363, -0.10488,
  0.98092, 0.16363, -0.10488,
  0.98092, 0.16363, -0.10488,
  0.98092, 0.16363, -0.10488,
  0.98092, 0.16363, -0.10488,
  0.98092, 0.16363, -0.10488,
  0.88673, 0.17714, -0.42698,
  0.88673, 0.17714, -0.42698,
  0.88673, 0.17714, -0.42698,
  0.88673, 0.17714, -0.42698,
  0.88673, 0.17714, -0.42698,
  0.88673, 0.17714, -0.42698,
  0.69524, 0.18237, -0.69524,
  0.69524, 0.18237, -0.69524,
  0.69524, 0.18237, -0.69524,
  0.69524, 0.18237, -0.69524,
  0.69524, 0.18237, -0.69524,
  0.69524, 0.18237, -0.69524,
  0.42698, 0.17714, -0.88673,
  0.42698, 0.17714, -0.88673,
  0.42698, 0.17714, -0.88673,
  0.42698, 0.17714, -0.88673,
  0.42698, 0.17714, -0.88673,
  0.42698, 0.17714, -0.88673,
  0.10488, 0.16363, -0.98092,
  0.10488, 0.16363, -0.98092,
  0.10488, 0.16363, -0.98092,
  0.10488, 0.16363, -0.98092,
  0.10488, 0.16363, -0.98092,
  0.10488, 0.16363, -0.98092,
  -0.23954, 0.1478, -0.95956,
  -0.23954, 0.1478, -0.95956,
  -0.23954, 0.1478, -0.95956,
  -0.23954, 0.1478, -0.95956,
  -0.23954, 0.1478, -0.95956,
  -0.23954, 0.1478, -0.95956,
  -0.56259, 0.13719, -0.81527,
  -0.56259, 0.13719, -0.81527,
  -0.56259, 0.13719, -0.81527,
  -0.56259, 0.13719, -0.81527,
  -0.56259, 0.13719, -0.81527,
  -0.56259, 0.13719, -0.81527,
  -0.81527, 0.13718, -0.56259,
  -0.81527, 0.13718, -0.56259,
  -0.81527, 0.13718, -0.56259,
  -0.81527, 0.13718, -0.56259,
  -0.81527, 0.13718, -0.56259,
  -0.81527, 0.13718, -0.56259,
  -0.95956, 0.1478, -0.23954,
  -0.95956, 0.1478, -0.23954,
  -0.95956, 0.1478, -0.23954,
  -0.95956, 0.1478, -0.23954,
  -0.95956, 0.1478, -0.23954,
  -0.95956, 0.1478, -0.23954,
  -0.98092, 0.16363, 0.10488,
  -0.98092, 0.16363, 0.10488,
  -0.98092, 0.16363, 0.10488,
  -0.98092, 0.16363, 0.10488,
  -0.98092, 0.16363, 0.10488,
  -0.98092, 0.16363, 0.10488,
  -0.88673, 0.17714, 0.42698,
  -0.88673, 0.17714, 0.42698,
  -0.88673, 0.17714, 0.42698,
  -0.88673, 0.17714, 0.42698,
  -0.88673, 0.17714, 0.42698,
  -0.88673, 0.17714, 0.42698,
  -0.69524, 0.18237, 0.69524,
  -0.69524, 0.18237, 0.69524,
  -0.69524, 0.18237, 0.69524,
  -0.69524, 0.18237, 0.69524,
  -0.69524, 0.18237, 0.69524,
  -0.69524, 0.18237, 0.69524,
  -0.42698, 0.17714, 0.88673,
  -0.42698, 0.17714, 0.88673,
  -0.42698, 0.17714, 0.88673,
  -0.42698, 0.17714, 0.88673,
  -0.42698, 0.17714, 0.88673,
  -0.42698, 0.17714, 0.88673,
  -0.10488, 0.16363, 0.98092,
  -0.10488, 0.16363, 0.98092,
  -0.10488, 0.16363, 0.98092,
  -0.10488, 0.16363, 0.98092,
  -0.10488, 0.16363, 0.98092,
  -0.10488, 0.16363, 0.98092,
  0.23954, 0.1478, 0.95956,
  0.23954, 0.1478, 0.95956,
  0.23954, 0.1478, 0.95956,
  0.23954, 0.1478, 0.95956,
  0.23954, 0.1478, 0.95956,
  0.23954, 0.1478, 0.95956,
  0.56259, 0.13719, 0.81527,
  0.56259, 0.13719, 0.81527,
  0.56259, 0.13719, 0.81527,
  0.56259, 0.13719, 0.81527,
  0.56259, 0.13719, 0.81527,
  0.56259, 0.13719, 0.81527,
  0.70185, 0.52871, 0.47735,
  0.70185, 0.52871, 0.47735,
  0.70185, 0.52871, 0.47735,
  0.70185, 0.52871, 0.47735,
  0.70185, 0.52871, 0.47735,
  0.70185, 0.52871, 0.47735,
  0.82782, 0.52707, 0.19205,
  0.82782, 0.52707, 0.19205,
  0.82782, 0.52707, 0.19205,
  0.82782, 0.52707, 0.19205,
  0.82782, 0.52707, 0.19205,
  0.82782, 0.52707, 0.19205,
  0.84455, 0.52488, -0.1059,
  0.84455, 0.52488, -0.1059,
  0.84455, 0.52488, -0.1059,
  0.84455, 0.52488, -0.1059,
  0.84455, 0.52488, -0.1059,
  0.84455, 0.52488, -0.1059,
  0.7635, 0.52324, -0.37852,
  0.7635, 0.52324, -0.37852,
  0.7635, 0.52324, -0.37852,
  0.7635, 0.52324, -0.37852,
  0.7635, 0.52324, -0.37852,
  0.7635, 0.52324, -0.37852,
  0.60283, 0.52266, -0.60283,
  0.60283, 0.52266, -0.60283,
  0.60283, 0.52266, -0.60283,
  0.60283, 0.52266, -0.60283,
  0.60283, 0.52266, -0.60283,
  0.60283, 0.52266, -0.60283,
  0.37852, 0.52324, -0.7635,
  0.37852, 0.52324, -0.7635,
  0.37852, 0.52324, -0.7635,
  0.37852, 0.52324, -0.7635,
  0.37852, 0.52324, -0.7635,
  0.37852, 0.52324, -0.7635,
  0.1059, 0.52488, -0.84455,
  0.1059, 0.52488, -0.84455,
  0.1059, 0.52488, -0.84455,
  0.1059, 0.52488, -0.84455,
  0.1059, 0.52488, -0.84455,
  0.1059, 0.52488, -0.84455,
  -0.19205, 0.52707, -0.82782,
  -0.19205, 0.52707, -0.82782,
  -0.19205, 0.52707, -0.82782,
  -0.19205, 0.52707, -0.82782,
  -0.19205, 0.52707, -0.82782,
  -0.19205, 0.52707, -0.82782,
  -0.47735, 0.52871, -0.70185,
  -0.47735, 0.52871, -0.70185,
  -0.47735, 0.52871, -0.70185,
  -0.47735, 0.52871, -0.70185,
  -0.47735, 0.52871, -0.70185,
  -0.47735, 0.52871, -0.70185,
  -0.70185, 0.52871, -0.47735,
  -0.70185, 0.52871, -0.47735,
  -0.70185, 0.52871, -0.47735,
  -0.70185, 0.52871, -0.47735,
  -0.70185, 0.52871, -0.47735,
  -0.70185, 0.52871, -0.47735,
  -0.82782, 0.52707, -0.19205,
  -0.82782, 0.52707, -0.19205,
  -0.82782, 0.52707, -0.19205,
  -0.82782, 0.52707, -0.19205,
  -0.82782, 0.52707, -0.19205,
  -0.82782, 0.52707, -0.19205,
  -0.84455, 0.52488, 0.1059,
  -0.84455, 0.52488, 0.1059,
  -0.84455, 0.52488, 0.1059,
  -0.84455, 0.52488, 0.1059,
  -0.84455, 0.52488, 0.1059,
  -0.84455, 0.52488, 0.1059,
  -0.7635, 0.52324, 0.37852,
  -0.7635, 0.52324, 0.37852,
  -0.7635, 0.52324, 0.37852,
  -0.7635, 0.52324, 0.37852,
  -0.7635, 0.52324, 0.37852,
  -0.7635, 0.52324, 0.37852,
  -0.60283, 0.52266, 0.60283,
  -0.60283, 0.52266, 0.60283,
  -0.60283, 0.52266, 0.60283,
  -0.60283, 0.52266, 0.60283,
  -0.60283, 0.52266, 0.60283,
  -0.60283, 0.52266, 0.60283,
  -0.37852, 0.52324, 0.7635,
  -0.37852, 0.52324, 0.7635,
  -0.37852, 0.52324, 0.7635,
  -0.37852, 0.52324, 0.7635,
  -0.37852, 0.52324, 0.7635,
  -0.37852, 0.52324, 0.7635,
  -0.1059, 0.52488, 0.84455,
  -0.1059, 0.52488, 0.84455,
  -0.1059, 0.52488, 0.84455,
  -0.1059, 0.52488, 0.84455,
  -0.1059, 0.52488, 0.84455,
  -0.1059, 0.52488, 0.84455,
  0.19205, 0.52707, 0.82783,
  0.19205, 0.52707, 0.82783,
  0.19205, 0.52707, 0.82783,
  0.19205, 0.52707, 0.82783,
  0.19205, 0.52707, 0.82783,
  0.19205, 0.52707, 0.82783,
  0.47735, 0.52871, 0.70185,
  0.47735, 0.52871, 0.70185,
  0.47735, 0.52871, 0.70185,
  0.47735, 0.52871, 0.70185,
  0.47735, 0.52871, 0.70185,
  0.47735, 0.52871, 0.70185,
  0.4194, 0.86307, 0.28141,
  0.4194, 0.86307, 0.28141,
  0.4194, 0.86307, 0.28141,
  0.50336, 0.8572, 0.10873,
  0.50336, 0.8572, 0.10873,
  0.50336, 0.8572, 0.10873,
  0.52404, 0.84843, -0.07437,
  0.52404, 0.84843, -0.07437,
  0.52404, 0.84843, -0.07437,
  0.48237, 0.84094, -0.24521,
  0.48237, 0.84094, -0.24521,
  0.48237, 0.84094, -0.24521,
  0.3858, 0.83803, -0.3858,
  0.3858, 0.83803, -0.3858,
  0.3858, 0.83803, -0.3858,
  0.24521, 0.84094, -0.48237,
  0.24521, 0.84094, -0.48237,
  0.24521, 0.84094, -0.48237,
  0.07437, 0.84843, -0.52404,
  0.07437, 0.84843, -0.52404,
  0.07437, 0.84843, -0.52404,
  -0.10873, 0.8572, -0.50336,
  -0.10873, 0.8572, -0.50336,
  -0.10873, 0.8572, -0.50336,
  -0.28141, 0.86307, -0.4194,
  -0.28141, 0.86307, -0.4194,
  -0.28141, 0.86307, -0.4194,
  -0.4194, 0.86307, -0.28141,
  -0.4194, 0.86307, -0.28141,
  -0.4194, 0.86307, -0.28141,
  -0.50336, 0.8572, -0.10873,
  -0.50336, 0.8572, -0.10873,
  -0.50336, 0.8572, -0.10873,
  -0.52404, 0.84843, 0.07437,
  -0.52404, 0.84843, 0.07437,
  -0.52404, 0.84843, 0.07437,
  -0.48237, 0.84094, 0.24521,
  -0.48237, 0.84094, 0.24521,
  -0.48237, 0.84094, 0.24521,
  -0.3858, 0.83803, 0.3858,
  -0.3858, 0.83803, 0.3858,
  -0.3858, 0.83803, 0.3858,
  -0.24521, 0.84094, 0.48237,
  -0.24521, 0.84094, 0.48237,
  -0.24521, 0.84094, 0.48237,
  -0.07437, 0.84843, 0.52404,
  -0.07437, 0.84843, 0.52404,
  -0.07437, 0.84843, 0.52404,
  0.10873, 0.8572, 0.50336,
  0.10873, 0.8572, 0.50336,
  0.10873, 0.8572, 0.50336,
  0.28141, 0.86307, 0.4194,
  0.28141, 0.86307, 0.4194,
  0.28141, 0.86307, 0.4194,
  0, -1, 0,
  0, -1, 0,
  0, -1, 0,
  0, -1, 0,
  0, -1, 0,
  0, -1, 0,
  0, -1, 0,
  0, -1, 0,
  0, -1, 0,
  0, -1, 0,
  0, -1, 0,
  0, -1, 0,
  0, -1, 0,
  0, -1, 0,
  0, -1, 0,
  0, -1, 0,
  0, -1, 0,
  0, -1, 0,
  0, -1, 0,
  0, -1, 0,
  0, -1, 0,
  0, -1, 0,
  0, -1, 0,
  0, -1, 0,
  0, -1, 0,
  0, -1, 0,
  0, -1, 0,
  0, -1, 0,
  0, -1, 0,
  0, -1, 0,
  0, -1, 0,
  0, -1, 0,
  0, -1, 0,
  0, -1, 0,
  0, -1, 0,
  0, -1, 0,
  0, -1, 0,
  0, -1, 0,
  0, -1, 0,
  0, -1, 0,
  0, -1, 0,
  0, -1, 0,
  0, -1, 0,
  0, -1, 0,
  0, -1, 0,
  0, -1, 0,
  0, -1, 0,
  0, -1, 0,
  0, -1, 0,
  0, -1, 0,
  0, -1, 0,
  0, -1, 0,
  0, -1, 0,
  0, -1, 0,
  0.64525, 0.02334, -0.76361,
  0.66122, 0.01946, -0.74993,
  0.62876, 0.0058, -0.77757,
  0.64525, 0.02334, -0.76361,
  0.65892, 0.03917, -0.75118,
  0.62876, 0.0058, -0.77757,
  0.65892, 0.03917, -0.75118,
  0.62876, 0.0058, -0.77757,
  0.62107, 0.00781, -0.78371,
  0.62107, 0.00781, -0.78371,
  0.62876, 0.0058, -0.77757,
  0.60901, -0.00486, -0.79314,
  0.62107, 0.00781, -0.78371,
  0.62147, 0.00273, -0.78343,
  0.60901, -0.00486, -0.79314,
  0.66122, 0.01946, -0.74993,
  0.62179, 0.00078, -0.78318,
  0.62876, 0.0058, -0.77757,
  0.62876, 0.0058, -0.77757,
  0.62179, 0.00078, -0.78318,
  0.60761, -0.0153, -0.79408,
  0.62876, 0.0058, -0.77757,
  0.60901, -0.00486, -0.79314,
  0.60761, -0.0153, -0.79408,
  0.62179, 0.00078, -0.78318,
  0.61143, -0.00624, -0.79127,
  0.60934, -0.00407, -0.79289,
  0.62179, 0.00078, -0.78318,
  0.60761, -0.0153, -0.79408,
  0.60934, -0.00407, -0.79289,
  -0.66109, -0.03813, 0.74932,
  -0.6832, -0.06521, 0.72731,
  -0.63501, -0.00646, 0.77246,
  -0.66109, -0.03813, 0.74932,
  -0.68808, -0.02649, 0.72514,
  -0.63501, -0.00646, 0.77246,
  -0.6832, -0.06521, 0.72731,
  -0.62042, -0.01152, 0.78418,
  -0.63501, -0.00646, 0.77246,
  -0.62042, -0.01152, 0.78418,
  -0.62147, -0.00273, 0.78343,
  -0.59944, 0.00521, 0.80039,
  -0.62042, -0.01152, 0.78418,
  -0.63501, -0.00646, 0.77246,
  -0.59944, 0.00521, 0.80039,
  -0.68808, -0.02649, 0.72514,
  -0.63501, -0.00646, 0.77246,
  -0.62618, 0.00479, 0.77966,
  -0.63501, -0.00646, 0.77246,
  -0.59944, 0.00521, 0.80039,
  -0.5997, 0.0229, 0.79989,
  -0.63501, -0.00646, 0.77246,
  -0.62618, 0.00479, 0.77966,
  -0.5997, 0.0229, 0.79989,
  -0.62618, 0.00479, 0.77966,
  -0.5997, 0.0229, 0.79989,
  -0.60658, 0.01034, 0.79495,
  -0.62618, 0.00479, 0.77966,
  -0.61137, 0.01534, 0.79119,
  -0.60658, 0.01034, 0.79495,
  -0.35407, -0.89212, -0.28062,
  -0.52575, -0.74248, -0.4151,
  -0.52659, -0.74151, -0.41576,
  -0.35407, -0.89212, -0.28062,
  -0.35407, -0.89212, -0.28062,
  -0.52659, -0.74151, -0.41576,
  -0.52575, -0.74248, -0.4151,
  -0.37872, -0.87555, -0.29994,
  -0.37682, -0.87688, -0.29845,
  -0.52575, -0.74248, -0.4151,
  -0.52659, -0.74151, -0.41576,
  -0.37682, -0.87688, -0.29845,
  -0.37872, -0.87555, -0.29994,
  -0.00254, -0.99998, -0.00473,
  -0.00254, -0.99998, -0.00473,
  -0.37872, -0.87555, -0.29994,
  -0.37682, -0.87688, -0.29845,
  -0.00254, -0.99998, -0.00473,
  0.78629, 0.00832, 0.61779,
  0.77142, 0.19214, 0.60661,
  0.77171, 0.19027, 0.60684,
  0.78629, 0.00832, 0.61779,
  0.78629, 0.00832, 0.61779,
  0.77171, 0.19027, 0.60684,
  0.77142, 0.19214, 0.60661,
  0.68261, 0.49492, 0.53766,
  0.68306, 0.49392, 0.53801,
  0.77142, 0.19214, 0.60661,
  0.77171, 0.19027, 0.60684,
  0.68306, 0.49392, 0.53801,
  0.68261, 0.49492, 0.53766,
  0.6214, 0.61143, 0.48989,
  0.6214, 0.61143, 0.48989,
  0.68261, 0.49492, 0.53766,
  0.68306, 0.49392, 0.53801,
  0.6214, 0.61143, 0.48989,
  -0.00131, 0.99999, 0.0017,
  -0.00131, 0.99999, 0.0017,
  -0.00131, 0.99999, 0.0017,
  -0.00131, 0.99999, 0.0017,
  -0.00131, 0.99999, 0.0017,
  -0.00131, 0.99999, 0.0017,
  -0.78521, -0.03885, -0.618,
  -0.78479, 0.01327, -0.61961,
  -0.78465, 0.01186, -0.61981,
  -0.78521, -0.03885, -0.618,
  -0.78569, -0.03852, -0.61741,
  -0.78465, 0.01186, -0.61981,
  -0.78479, 0.01327, -0.61961,
  -0.78594, 0.03288, -0.61741,
  -0.78554, 0.03343, -0.6179,
  -0.78479, 0.01327, -0.61961,
  -0.78465, 0.01186, -0.61981,
  -0.78554, 0.03343, -0.6179,
  -0.78594, 0.03288, -0.61741,
  -0.78633, -1e-05, -0.6178,
  -0.78633, -1e-05, -0.6178,
  -0.78594, 0.03288, -0.61741,
  -0.78554, 0.03343, -0.6179,
  -0.78633, -1e-05, -0.6178,
  -0.96466, 0.02333, -0.26243,
  -0.95901, 0.01946, -0.28269,
  -0.97035, 0.0058, -0.24159,
  -0.96466, 0.02333, -0.26243,
  -0.95917, 0.03917, -0.28007,
  -0.97035, 0.0058, -0.24159,
  -0.95917, 0.03917, -0.28007,
  -0.97035, 0.0058, -0.24159,
  -0.97267, 0.00781, -0.23202,
  -0.97267, 0.00781, -0.23202,
  -0.97035, 0.0058, -0.24159,
  -0.97613, -0.00486, -0.21711,
  -0.97267, 0.00781, -0.23202,
  -0.97258, 0.00273, -0.23251,
  -0.97613, -0.00486, -0.21711,
  -0.95901, 0.01946, -0.28269,
  -0.97249, 0.00078, -0.2329,
  -0.97035, 0.0058, -0.24159,
  -0.97035, 0.0058, -0.24159,
  -0.97249, 0.00078, -0.2329,
  -0.97639, -0.0153, -0.21544,
  -0.97035, 0.0058, -0.24159,
  -0.97613, -0.00486, -0.21711,
  -0.97639, -0.0153, -0.21544,
  -0.97249, 0.00078, -0.2329,
  -0.97545, -0.00624, -0.2201,
  -0.97604, -0.00407, -0.21752,
  -0.97249, 0.00078, -0.2329,
  -0.97639, -0.0153, -0.21544,
  -0.97604, -0.00407, -0.21752,
  0.95841, -0.03813, 0.28282,
  0.94778, -0.06521, 0.31216,
  0.96837, -0.00646, 0.24941,
  0.95841, -0.03813, 0.28282,
  0.94788, -0.02649, 0.3175,
  0.96837, -0.00646, 0.24941,
  0.94778, -0.06521, 0.31216,
  0.97282, -0.01152, 0.23123,
  0.96837, -0.00646, 0.24941,
  0.97282, -0.01152, 0.23123,
  0.97258, -0.00273, 0.23251,
  0.97866, 0.00521, 0.20537,
  0.97282, -0.01152, 0.23123,
  0.96837, -0.00646, 0.24941,
  0.97866, 0.00521, 0.20537,
  0.94788, -0.02649, 0.3175,
  0.96837, -0.00646, 0.24941,
  0.97116, 0.00479, 0.23837,
  0.96837, -0.00646, 0.24941,
  0.97866, 0.00521, 0.20537,
  0.97832, 0.0229, 0.20582,
  0.96837, -0.00646, 0.24941,
  0.97116, 0.00479, 0.23837,
  0.97832, 0.0229, 0.20582,
  0.97116, 0.00479, 0.23837,
  0.97832, 0.0229, 0.20582,
  0.97674, 0.01034, 0.21414,
  0.97116, 0.00479, 0.23837,
  0.97536, 0.01534, 0.22007,
  0.97674, 0.01034, 0.21414,
  -0.10485, -0.89212, 0.43945,
  -0.15425, -0.74248, 0.65186,
  -0.15449, -0.74151, 0.6529,
  -0.10485, -0.89212, 0.43945,
  -0.10485, -0.89212, 0.43945,
  -0.15449, -0.74151, 0.6529,
  -0.15425, -0.74248, 0.65186,
  -0.11196, -0.87555, 0.46996,
  -0.11141, -0.87688, 0.4676,
  -0.15425, -0.74248, 0.65186,
  -0.15449, -0.74151, 0.6529,
  -0.11141, -0.87688, 0.4676,
  -0.11196, -0.87555, 0.46996,
  -0.00321, -0.99998, 0.0043,
  -0.00321, -0.99998, 0.0043,
  -0.11196, -0.87555, 0.46996,
  -0.11141, -0.87688, 0.4676,
  -0.00321, -0.99998, 0.0043,
  0.22796, 0.00832, -0.97363,
  0.22411, 0.19214, -0.95543,
  0.22419, 0.19027, -0.95578,
  0.22796, 0.00832, -0.97363,
  0.22796, 0.00832, -0.97363,
  0.22419, 0.19027, -0.95578,
  0.22411, 0.19214, -0.95543,
  0.19911, 0.49492, -0.84581,
  0.19924, 0.49392, -0.84636,
  0.22411, 0.19214, -0.95543,
  0.22419, 0.19027, -0.95578,
  0.19924, 0.49392, -0.84636,
  0.19911, 0.49492, -0.84581,
  0.18166, 0.61143, -0.77016,
  0.18166, 0.61143, -0.77016,
  0.19911, 0.49492, -0.84581,
  0.19924, 0.49392, -0.84636,
  0.18166, 0.61143, -0.77016,
  0.00209, 0.99999, 0.00047,
  0.00209, 0.99999, 0.00047,
  0.00209, 0.99999, 0.00047,
  0.00209, 0.99999, 0.00047,
  0.00209, 0.99999, 0.00047,
  0.00209, 0.99999, 0.00047,
  -0.22861, -0.03885, 0.97274,
  -0.23024, 0.01327, 0.97304,
  -0.23048, 0.01186, 0.973,
  -0.22861, -0.03885, 0.97274,
  -0.22787, -0.03852, 0.97292,
  -0.23048, 0.01186, 0.973,
  -0.23024, 0.01327, 0.97304,
  -0.22776, 0.03288, 0.97315,
  -0.22838, 0.03343, 0.97299,
  -0.23024, 0.01327, 0.97304,
  -0.23048, 0.01186, 0.973,
  -0.22838, 0.03343, 0.97299,
  -0.22776, 0.03288, 0.97315,
  -0.22796, -1e-05, 0.97367,
  -0.22796, -1e-05, 0.97367,
  -0.22776, 0.03288, 0.97315,
  -0.22838, 0.03343, 0.97299,
  -0.22796, -1e-05, 0.97367,
  0.24403, 0.02333, 0.96948,
  0.2236, 0.01946, 0.97448,
  0.26499, 0.0058, 0.96423,
  0.24403, 0.02333, 0.96948,
  0.22597, 0.03917, 0.97334,
  0.26499, 0.0058, 0.96423,
  0.22597, 0.03917, 0.97334,
  0.26499, 0.0058, 0.96423,
  0.27446, 0.00781, 0.96156,
  0.27446, 0.00781, 0.96156,
  0.26499, 0.0058, 0.96423,
  0.28915, -0.00486, 0.95726,
  0.27446, 0.00781, 0.96156,
  0.274, 0.00273, 0.96172,
  0.28915, -0.00486, 0.95726,
  0.2236, 0.01946, 0.97448,
  0.27361, 0.00078, 0.96183,
  0.26499, 0.0058, 0.96423,
  0.26499, 0.0058, 0.96423,
  0.27361, 0.00078, 0.96183,
  0.29074, -0.0153, 0.95667,
  0.26499, 0.0058, 0.96423,
  0.28915, -0.00486, 0.95726,
  0.29074, -0.0153, 0.95667,
  0.27361, 0.00078, 0.96183,
  0.28622, -0.00624, 0.95814,
  0.28876, -0.00407, 0.95739,
  0.27361, 0.00078, 0.96183,
  0.29074, -0.0153, 0.95667,
  0.28876, -0.00407, 0.95739,
  -0.22319, -0.03813, -0.97402,
  -0.19242, -0.06521, -0.97914,
  -0.2572, -0.00646, -0.96633,
  -0.22319, -0.03813, -0.97402,
  -0.18781, -0.02649, -0.98184,
  -0.2572, -0.00646, -0.96633,
  -0.19242, -0.06521, -0.97914,
  -0.27522, -0.01152, -0.9613,
  -0.2572, -0.00646, -0.96633,
  -0.27522, -0.01152, -0.9613,
  -0.274, -0.00273, -0.96172,
  -0.30063, 0.00521, -0.95372,
  -0.27522, -0.01152, -0.9613,
  -0.2572, -0.00646, -0.96633,
  -0.30063, 0.00521, -0.95372,
  -0.18781, -0.02649, -0.98184,
  -0.2572, -0.00646, -0.96633,
  -0.26819, 0.00479, -0.96335,
  -0.2572, -0.00646, -0.96633,
  -0.30063, 0.00521, -0.95372,
  -0.30007, 0.0229, -0.95364,
  -0.2572, -0.00646, -0.96633,
  -0.26819, 0.00479, -0.96335,
  -0.30007, 0.0229, -0.95364,
  -0.26819, 0.00479, -0.96335,
  -0.30007, 0.0229, -0.95364,
  -0.29205, 0.01034, -0.95634,
  -0.26819, 0.00479, -0.96335,
  -0.28619, 0.01534, -0.95804,
  -0.29205, 0.01034, -0.95634,
  0.43444, -0.89212, -0.12398,
  0.6438, -0.74248, -0.18502,
  0.64483, -0.74151, -0.18532,
  0.43444, -0.89212, -0.12398,
  0.43444, -0.89212, -0.12398,
  0.64483, -0.74151, -0.18532,
  0.6438, -0.74248, -0.18502,
  0.46452, -0.87555, -0.13273,
  0.4622, -0.87688, -0.13206,
  0.6438, -0.74248, -0.18502,
  0.64483, -0.74151, -0.18532,
  0.4622, -0.87688, -0.13206,
  0.46452, -0.87555, -0.13273,
  0.00533, -0.99998, 0.00069,
  0.00533, -0.99998, 0.00069,
  0.46452, -0.87555, -0.13273,
  0.4622, -0.87688, -0.13206,
  0.00533, -0.99998, 0.00069,
  -0.9604, 0.00833, 0.27847,
  -0.94265, 0.19214, 0.27291,
  -0.943, 0.19027, 0.27302,
  -0.9604, 0.00833, 0.27847,
  -0.9604, 0.00833, 0.27847,
  -0.943, 0.19027, 0.27302,
  -0.94265, 0.19214, 0.27291,
  -0.83485, 0.49492, 0.24097,
  -0.83539, 0.49392, 0.24113,
  -0.94265, 0.19214, 0.27291,
  -0.943, 0.19027, 0.27302,
  -0.83539, 0.49392, 0.24113,
  -0.83485, 0.49492, 0.24097,
  -0.76035, 0.61143, 0.21911,
  -0.76035, 0.61143, 0.21911,
  -0.83485, 0.49492, 0.24097,
  -0.83539, 0.49392, 0.24113,
  -0.76035, 0.61143, 0.21911,
  -0.00061, 0.99999, -0.00205,
  -0.00061, 0.99999, -0.00205,
  -0.00061, 0.99999, -0.00205,
  -0.00061, 0.99999, -0.00205,
  -0.00061, 0.99999, -0.00205,
  -0.00061, 0.99999, -0.00205,
  0.95994, -0.03885, -0.27747,
  0.961, 0.01327, -0.27619,
  0.96109, 0.01186, -0.27597,
  0.95994, -0.03885, -0.27747,
  0.95974, -0.03852, -0.27821,
  0.96109, 0.01186, -0.27597,
  0.961, 0.01327, -0.27619,
  0.95989, 0.03288, -0.27841,
  0.96005, 0.03343, -0.2778,
  0.961, 0.01327, -0.27619,
  0.96109, 0.01186, -0.27597,
  0.96005, 0.03343, -0.2778,
  0.95989, 0.03288, -0.27841,
  0.96043, -1e-05, -0.2785,
  0.96043, -1e-05, -0.2785,
  0.95989, 0.03288, -0.27841,
  0.96005, 0.03343, -0.2778,
  0.96043, -1e-05, -0.2785,
  0.97009, 0.24049, -0.03275,
  0.82815, 0.55434, -0.08284,
  0.83, 0.55164, -0.0824,
  0.97009, 0.24049, -0.03275,
  0.97048, 0.23897, -0.03251,
  0.83, 0.55164, -0.0824,
  0.82815, 0.55434, -0.08284,
  0.58597, 0.80096, -0.12287,
  0.58971, 0.79827, -0.12243,
  0.82815, 0.55434, -0.08284,
  0.83, 0.55164, -0.0824,
  0.58971, 0.79827, -0.12243,
  0.58597, 0.80096, -0.12287,
  0.27305, 0.95054, -0.14802,
  0.27823, 0.94907, -0.14776,
  0.58597, 0.80096, -0.12287,
  0.58971, 0.79827, -0.12243,
  0.27823, 0.94907, -0.14776,
  0.27305, 0.95054, -0.14802,
  -0.07258, 0.9852, -0.15527,
  -0.0671, 0.98558, -0.1553,
  0.27305, 0.95054, -0.14802,
  0.27823, 0.94907, -0.14776,
  -0.0671, 0.98558, -0.1553,
  -0.07258, 0.9852, -0.15527,
  -0.40914, 0.90106, -0.14379,
  -0.40463, 0.90305, -0.14408,
  -0.07258, 0.9852, -0.15527,
  -0.0671, 0.98558, -0.1553,
  -0.40463, 0.90305, -0.14408,
  -0.40914, 0.90106, -0.14379,
  -0.69616, 0.7086, -0.11503,
  -0.69342, 0.71121, -0.11543,
  -0.40914, 0.90106, -0.14379,
  -0.40463, 0.90305, -0.14408,
  -0.69342, 0.71121, -0.11543,
  -0.69616, 0.7086, -0.11503,
  -0.89933, 0.43121, -0.07248,
  -0.89837, 0.43315, -0.07278,
  -0.69616, 0.7086, -0.11503,
  -0.69342, 0.71121, -0.11543,
  -0.89837, 0.43315, -0.07278,
  -0.89933, 0.43121, -0.07248,
  -0.99453, 0.10223, -0.02125,
  -0.99449, 0.10255, -0.0213,
  -0.89933, 0.43121, -0.07248,
  -0.89837, 0.43315, -0.07278,
  -0.99449, 0.10255, -0.0213,
  -0.99453, 0.10223, -0.02125,
  -0.97048, -0.23897, 0.03251,
  -0.97009, -0.24049, 0.03275,
  -0.99453, 0.10223, -0.02125,
  -0.99449, 0.10255, -0.0213,
  -0.97009, -0.24049, 0.03275,
  -0.97048, -0.23897, 0.03251,
  -0.83, -0.55164, 0.0824,
  -0.82815, -0.55434, 0.08284,
  -0.97048, -0.23897, 0.03251,
  -0.97009, -0.24049, 0.03275,
  -0.82815, -0.55434, 0.08284,
  -0.83, -0.55164, 0.0824,
  -0.58971, -0.79827, 0.12243,
  -0.58597, -0.80096, 0.12287,
  -0.83, -0.55164, 0.0824,
  -0.82815, -0.55434, 0.08284,
  -0.58597, -0.80096, 0.12287,
  -0.58971, -0.79827, 0.12243,
  -0.27823, -0.94907, 0.14776,
  -0.27305, -0.95054, 0.14802,
  -0.58971, -0.79827, 0.12243,
  -0.58597, -0.80096, 0.12287,
  -0.27305, -0.95054, 0.14802,
  -0.27823, -0.94907, 0.14776,
  0.0671, -0.98558, 0.1553,
  0.07258, -0.9852, 0.15527,
  -0.27823, -0.94907, 0.14776,
  -0.27305, -0.95054, 0.14802,
  0.07258, -0.9852, 0.15527,
  0.0671, -0.98558, 0.1553,
  0.40463, -0.90305, 0.14408,
  0.40914, -0.90106, 0.14379,
  0.0671, -0.98558, 0.1553,
  0.07258, -0.9852, 0.15527,
  0.40914, -0.90106, 0.14379,
  0.40463, -0.90305, 0.14408,
  0.69342, -0.71121, 0.11543,
  0.69616, -0.7086, 0.11503,
  0.40463, -0.90305, 0.14408,
  0.40914, -0.90106, 0.14379,
  0.69616, -0.7086, 0.11503,
  0.69342, -0.71121, 0.11543,
  0.89837, -0.43316, 0.07278,
  0.89933, -0.43121, 0.07248,
  0.69342, -0.71121, 0.11543,
  0.69616, -0.7086, 0.11503,
  0.89933, -0.43121, 0.07248,
  0.89837, -0.43316, 0.07278,
  0.99449, -0.10255, 0.0213,
  0.99453, -0.10223, 0.02125,
  0.89837, -0.43316, 0.07278,
  0.89933, -0.43121, 0.07248,
  0.99453, -0.10223, 0.02125,
  0.99449, -0.10255, 0.0213,
  0.97009, 0.24049, -0.03275,
  0.97048, 0.23897, -0.03251,
  0.99449, -0.10255, 0.0213,
  0.99453, -0.10223, 0.02125,
  0.97048, 0.23897, -0.03251,
  0.03015, -0.15639, -0.98723,
  0.03015, -0.15639, -0.98723,
  0.03015, -0.15639, -0.98723,
  0.03015, -0.15639, -0.98723,
  0.03015, -0.15639, -0.98723,
  0.03015, -0.15639, -0.98723,
  -0.03015, 0.15639, 0.98723,
  -0.03015, 0.15639, 0.98723,
  -0.03015, 0.15639, 0.98723,
  -0.03015, 0.15639, 0.98723,
  -0.03015, 0.15639, 0.98723,
  -0.03015, 0.15639, 0.98723,
  -0.03015, 0.15639, 0.98723,
  -0.03015, 0.15639, 0.98723,
  -0.03015, 0.15639, 0.98723,
  -0.03015, 0.15639, 0.98723,
  -0.03015, 0.15639, 0.98723,
  -0.03015, 0.15639, 0.98723,
  -0.03015, 0.15639, 0.98723,
  -0.03015, 0.15639, 0.98723,
  -0.03015, 0.15639, 0.98723,
  -0.03015, 0.15639, 0.98723,
  -0.03015, 0.15639, 0.98723,
  -0.03015, 0.15639, 0.98723,
  -0.03015, 0.15639, 0.98723,
  -0.03015, 0.15639, 0.98723,
  -0.03015, 0.15639, 0.98723,
  -0.03015, 0.15639, 0.98723,
  -0.03015, 0.15639, 0.98723,
  -0.03015, 0.15639, 0.98723,
  -0.03015, 0.15639, 0.98723,
  -0.03015, 0.15639, 0.98723,
  -0.03015, 0.15639, 0.98723,
  -0.03015, 0.15639, 0.98723,
  -0.03015, 0.15639, 0.98723,
  -0.03015, 0.15639, 0.98723,
  -0.03015, 0.15639, 0.98723,
  -0.03015, 0.15639, 0.98723,
  -0.03015, 0.15639, 0.98723,
  -0.03015, 0.15639, 0.98723,
  -0.03015, 0.15639, 0.98723,
  -0.03015, 0.15639, 0.98723,
  -0.03015, 0.15639, 0.98723,
  -0.03015, 0.15639, 0.98723,
  -0.03015, 0.15639, 0.98723,
  -0.03015, 0.15639, 0.98723,
  -0.03015, 0.15639, 0.98723,
  -0.03015, 0.15639, 0.98723,
  -0.03015, 0.15639, 0.98723,
  -0.03015, 0.15639, 0.98723,
  -0.03015, 0.15639, 0.98723,
  -0.03015, 0.15639, 0.98723,
  -0.03015, 0.15639, 0.98723,
  -0.03015, 0.15639, 0.98723,
  -0.03015, 0.15639, 0.98723,
  -0.03015, 0.15639, 0.98723,
  -0.03015, 0.15639, 0.98723,
  -0.03015, 0.15639, 0.98723,
  -0.03015, 0.15639, 0.98723,
  -0.03015, 0.15639, 0.98723,
  -0.03015, 0.15639, 0.98723,
  -0.03015, 0.15639, 0.98723,
  -0.03015, 0.15639, 0.98723,
  -0.03015, 0.15639, 0.98723,
  -0.03015, 0.15639, 0.98723,
  -0.03015, 0.15639, 0.98723,
  -0.03015, 0.15639, 0.98723,
  -0.03015, 0.15639, 0.98723,
  -0.03015, 0.15639, 0.98723,
  -0.03015, 0.15639, 0.98723,
  -0.03015, 0.15639, 0.98723,
  -0.03015, 0.15639, 0.98723,
  -0.03015, 0.15639, 0.98723,
  -0.03015, 0.15639, 0.98723,
  -0.03015, 0.15639, 0.98723,
  -0.03015, 0.15639, 0.98723,
  -0.03015, 0.15639, 0.98723,
  -0.03015, 0.15639, 0.98723,
  -0.03015, 0.15639, 0.98723,
  -0.03015, 0.15639, 0.98723,
  -0.03015, 0.15639, 0.98723,
  -0.03015, 0.15639, 0.98723,
  -0.03015, 0.15639, 0.98723,
  -0.03015, 0.15639, 0.98723,
  -0.03015, 0.15639, 0.98723,
  -0.03015, 0.15639, 0.98723,
  -0.03015, 0.15639, 0.98723,
  -0.03015, 0.15639, 0.98723,
  -0.03015, 0.15639, 0.98723,
  -0.03015, 0.15639, 0.98723,
  -0.03015, 0.15639, 0.98723,
  -0.03015, 0.15639, 0.98723,
  -0.03015, 0.15639, 0.98723,
  -0.03015, 0.15639, 0.98723,
  -0.03015, 0.15639, 0.98723,
  -0.03015, 0.15639, 0.98723,
  -0.03015, 0.15639, 0.98723,
  -0.03015, 0.15639, 0.98723,
  -0.03015, 0.15639, 0.98723,
  -0.03015, 0.15639, 0.98723,
  -0.03015, 0.15639, 0.98723,
  -0.03015, 0.15639, 0.98723,
  -0.03015, 0.15639, 0.98723,
  -0.03015, 0.15639, 0.98723,
  -0.03015, 0.15639, 0.98723,
  -0.03015, 0.15639, 0.98723,
  -0.03015, 0.15639, 0.98723,
  -0.03015, 0.15639, 0.98723,
  -0.03015, 0.15639, 0.98723,
  -0.03015, 0.15639, 0.98723,
  -0.03015, 0.15639, 0.98723,
  -0.03015, 0.15639, 0.98723,
  -0.03015, 0.15639, 0.98723,
  -0.03015, 0.15639, 0.98723,
  -0.91359, -0.39955, 0.07549,
  -0.91359, -0.39955, 0.07549,
  -0.91359, -0.39955, 0.07549,
  -0.91359, -0.39955, 0.07549,
  -0.91359, -0.39955, 0.07549,
  -0.91359, -0.39955, 0.07549,
  -0.71836, -0.67022, 0.18642,
  -0.71836, -0.67022, 0.18642,
  -0.71836, -0.67022, 0.18642,
  -0.71836, -0.67022, 0.18642,
  -0.71836, -0.67022, 0.18642,
  -0.71836, -0.67022, 0.18642,
  -0.43773, -0.85649, 0.27349,
  -0.43773, -0.85649, 0.27349,
  -0.43773, -0.85649, 0.27349,
  -0.43773, -0.85649, 0.27349,
  -0.43773, -0.85649, 0.27349,
  -0.43773, -0.85649, 0.27349,
  -0.10816, -0.93879, 0.32706,
  -0.10816, -0.93879, 0.32706,
  -0.10816, -0.93879, 0.32706,
  -0.10816, -0.93879, 0.32706,
  -0.10816, -0.93879, 0.32706,
  -0.10816, -0.93879, 0.32706,
  0.23184, -0.91065, 0.34198,
  0.23184, -0.91065, 0.34198,
  0.23184, -0.91065, 0.34198,
  0.23184, -0.91065, 0.34198,
  0.23184, -0.91065, 0.34198,
  0.23184, -0.91065, 0.34198,
  0.54504, -0.77616, 0.31699,
  0.54504, -0.77616, 0.31699,
  0.54504, -0.77616, 0.31699,
  0.54504, -0.77616, 0.31699,
  0.54504, -0.77616, 0.31699,
  0.54504, -0.77616, 0.31699,
  0.7963, -0.54883, 0.25431,
  0.7963, -0.54883, 0.25431,
  0.7963, -0.54883, 0.25431,
  0.7963, -0.54883, 0.25431,
  0.7963, -0.54883, 0.25431,
  0.7963, -0.54883, 0.25431,
  0.95423, -0.25253, 0.16018,
  0.95423, -0.25253, 0.16018,
  0.95423, -0.25253, 0.16018,
  0.95423, -0.25253, 0.16018,
  0.95423, -0.25253, 0.16018,
  0.95423, -0.25253, 0.16018,
  0.99593, 0.07782, 0.04535,
  0.99593, 0.07782, 0.04535,
  0.99593, 0.07782, 0.04535,
  0.99593, 0.07782, 0.04535,
  0.99593, 0.07782, 0.04535,
  0.99593, 0.07782, 0.04535,
  0.91359, 0.39955, -0.07549,
  0.91359, 0.39955, -0.07549,
  0.91359, 0.39955, -0.07549,
  0.91359, 0.39955, -0.07549,
  0.91359, 0.39955, -0.07549,
  0.91359, 0.39955, -0.07549,
  0.71836, 0.67022, -0.18642,
  0.71836, 0.67022, -0.18642,
  0.71836, 0.67022, -0.18642,
  0.71836, 0.67022, -0.18642,
  0.71836, 0.67022, -0.18642,
  0.71836, 0.67022, -0.18642,
  0.43773, 0.85649, -0.27349,
  0.43773, 0.85649, -0.27349,
  0.43773, 0.85649, -0.27349,
  0.43773, 0.85649, -0.27349,
  0.43773, 0.85649, -0.27349,
  0.43773, 0.85649, -0.27349,
  0.10816, 0.93879, -0.32706,
  0.10816, 0.93879, -0.32706,
  0.10816, 0.93879, -0.32706,
  0.10816, 0.93879, -0.32706,
  0.10816, 0.93879, -0.32706,
  0.10816, 0.93879, -0.32706,
  -0.23184, 0.91065, -0.34198,
  -0.23184, 0.91065, -0.34198,
  -0.23184, 0.91065, -0.34198,
  -0.23184, 0.91065, -0.34198,
  -0.23184, 0.91065, -0.34198,
  -0.23184, 0.91065, -0.34198,
  -0.54504, 0.77616, -0.31699,
  -0.54504, 0.77616, -0.31699,
  -0.54504, 0.77616, -0.31699,
  -0.54504, 0.77616, -0.31699,
  -0.54504, 0.77616, -0.31699,
  -0.54504, 0.77616, -0.31699,
  -0.7963, 0.54883, -0.25431,
  -0.7963, 0.54883, -0.25431,
  -0.7963, 0.54883, -0.25431,
  -0.7963, 0.54883, -0.25431,
  -0.7963, 0.54883, -0.25431,
  -0.7963, 0.54883, -0.25431,
  -0.95423, 0.25253, -0.16018,
  -0.95423, 0.25253, -0.16018,
  -0.95423, 0.25253, -0.16018,
  -0.95423, 0.25253, -0.16018,
  -0.95423, 0.25253, -0.16018,
  -0.95423, 0.25253, -0.16018,
  -0.99593, -0.07782, -0.04535,
  -0.99593, -0.07782, -0.04535,
  -0.99593, -0.07782, -0.04535,
  -0.99593, -0.07782, -0.04535,
  -0.99593, -0.07782, -0.04535,
  -0.99593, -0.07782, -0.04535,
  -0.03015, 0.15639, 0.98723,
  -0.03015, 0.15639, 0.98723,
  -0.03015, 0.15639, 0.98723,
  -0.03015, 0.15639, 0.98723,
  -0.03015, 0.15639, 0.98723,
  -0.03015, 0.15639, 0.98723,
  -0.03015, 0.15639, 0.98723,
  -0.03015, 0.15639, 0.98723,
  -0.03015, 0.15639, 0.98723,
  -0.03015, 0.15639, 0.98723,
  -0.03015, 0.15639, 0.98723,
  -0.03015, 0.15639, 0.98723,
  -0.03015, 0.15639, 0.98723,
  -0.03015, 0.15639, 0.98723,
  -0.03015, 0.15639, 0.98723,
  -0.03015, 0.15639, 0.98723,
  -0.03015, 0.15639, 0.98723,
  -0.03015, 0.15639, 0.98723,
  -0.03015, 0.15639, 0.98723,
  -0.03015, 0.15639, 0.98723,
  -0.03015, 0.15639, 0.98723,
  -0.03015, 0.15639, 0.98723,
  -0.03015, 0.15639, 0.98723,
  -0.03015, 0.15639, 0.98723,
  -0.03015, 0.15639, 0.98723,
  -0.03015, 0.15639, 0.98723,
  -0.03015, 0.15639, 0.98723,
  -0.03015, 0.15639, 0.98723,
  -0.03015, 0.15639, 0.98723,
  -0.03015, 0.15639, 0.98723,
  -0.03015, 0.15639, 0.98723,
  -0.03015, 0.15639, 0.98723,
  -0.03015, 0.15639, 0.98723,
  -0.03015, 0.15639, 0.98723,
  -0.03015, 0.15639, 0.98723,
  -0.03015, 0.15639, 0.98723,
  -0.03015, 0.15639, 0.98723,
  -0.03015, 0.15639, 0.98723,
  -0.03015, 0.15639, 0.98723,
  -0.03015, 0.15639, 0.98723,
  -0.03015, 0.15639, 0.98723,
  -0.03015, 0.15639, 0.98723,
  -0.03015, 0.15639, 0.98723,
  -0.03015, 0.15639, 0.98723,
  -0.03015, 0.15639, 0.98723,
  -0.03015, 0.15639, 0.98723,
  -0.03015, 0.15639, 0.98723,
  -0.03015, 0.15639, 0.98723,
  -0.03015, 0.15639, 0.98723,
  -0.03015, 0.15639, 0.98723,
  -0.03015, 0.15639, 0.98723,
  -0.03015, 0.15639, 0.98723,
  -0.03015, 0.15639, 0.98723,
  -0.03015, 0.15639, 0.98723,
  -0.03015, 0.15639, 0.98723