0.874886, 0.66709,
  0.905885, 0.66709,
  0.905188, 0.518013,
  0.874886, 0.66709,
  0.874886, 0.518013,
  0.905188, 0.518013,
  0.905885, 0.66709,
  0.936884, 0.66709,
  0.935808, 0.518013,
  0.905885, 0.66709,
  0.905188, 0.518013,
  0.935808, 0.518013,
  0.936884, 0.66709,
  0.967884, 0.66709,
  0.966929, 0.518013,
  0.936884, 0.66709,
  0.935808, 0.518013,
  0.966929, 0.518013,
  0.409895, 0.66709,
  0.440895, 0.66709,
  0.440516, 0.518013,
  0.409895, 0.66709,
  0.408941, 0.518013,
  0.440516, 0.518013,
  0.440895, 0.66709,
  0.471894, 0.66709,
  0.472273, 0.518013,
  0.440895, 0.66709,
  0.440516, 0.518013,
  0.472273, 0.518013,
  0.471894, 0.66709,
  0.502893, 0.66709,
  0.503848, 0.518013,
  0.471894, 0.66709,
  0.472273, 0.518013,
  0.503848, 0.518013,
  0.502893, 0.66709,
  0.533893, 0.66709,
  0.534969, 0.518013,
  0.502893, 0.66709,
  0.503848, 0.518013,
  0.534969, 0.518013,
  0.533893, 0.66709,
  0.564892, 0.66709,
  0.565589, 0.518013,
  0.533893, 0.66709,
  0.534969, 0.518013,
  0.565589, 0.518013,
  0.564892, 0.66709,
  0.595891, 0.66709,
  0.595891, 0.518013,
  0.564892, 0.66709,
  0.565589, 0.518013,
  0.595891, 0.518013,
  0.595891, 0.66709,
  0.626891, 0.66709,
  0.626193, 0.518013,
  0.595891, 0.66709,
  0.595891, 0.518013,
  0.626193, 0.518013,
  0.626891, 0.66709,
  0.657890, 0.66709,
  0.656814, 0.518013,
  0.626891, 0.66709,
  0.626193, 0.518013,
  0.656814, 0.518013,
  0.657890, 0.66709,
  0.688889, 0.66709,
  0.687935, 0.518013,
  0.657890, 0.66709,
  0.656814, 0.518013,
  0.687935, 0.518013,
  0.688889, 0.66709,
  0.719889, 0.66709,
  0.719510, 0.518013,
  0.688889, 0.66709,
  0.687935, 0.518013,
  0.719510, 0.518013,
  0.719889, 0.66709,
  0.750888, 0.66709,
  0.751267, 0.518013,
  0.719889, 0.66709,
  0.719510, 0.518013,
  0.751267, 0.518013,
  0.750888, 0.66709,
  0.781887, 0.66709,
  0.782842, 0.518013,
  0.750888, 0.66709,
  0.751267, 0.518013,
  0.782842, 0.518013,
  0.781887, 0.66709,
  0.812887, 0.66709,
  0.813963, 0.518013,
  0.781887, 0.66709,
  0.782842, 0.518013,
  0.813963, 0.518013,
  0.812887, 0.66709,
  0.843886, 0.66709,
  0.844584, 0.518013,
  0.812887, 0.66709,
  0.813963, 0.518013,
  0.844584, 0.518013,
  0.843886, 0.66709,
  0.874886, 0.66709,
  0.874886, 0.518013,
  0.843886, 0.66709,
  0.844584, 0.518013,
  0.874886, 0.518013,
  0.874886, 0.518013,
  0.905188, 0.518013,
  0.905315, 0.386847,
  0.874886, 0.518013,
  0.874886, 0.386847,
  0.905315, 0.386847,
  0.905188, 0.518013,
  0.935808, 0.518013,
  0.936006, 0.386847,
  0.905188, 0.518013,
  0.905315, 0.386847,
  0.936006, 0.386847,
  0.935808, 0.518013,
  0.966929, 0.518013,
  0.967106, 0.386847,
  0.935808, 0.518013,
  0.936006, 0.386847,
  0.967106, 0.386847,
  0.408941, 0.518013,
  0.440516, 0.518013,
  0.440586, 0.386847,
  0.408941, 0.518013,
  0.409118, 0.386847,
  0.440586, 0.386847,
  0.440516, 0.518013,
  0.472273, 0.518013,
  0.472202, 0.386847,
  0.440516, 0.518013,
  0.440586, 0.386847,
  0.472202, 0.386847,
  0.472273, 0.518013,
  0.503848, 0.518013,
  0.503671, 0.386847,
  0.472273, 0.518013,
  0.472202, 0.386847,
  0.503671, 0.386847,
  0.503848, 0.518013,
  0.534969, 0.518013,
  0.534771, 0.386847,
  0.503848, 0.518013,
  0.503671, 0.386847,
  0.534771, 0.386847,
  0.534969, 0.518013,
  0.565589, 0.518013,
  0.565462, 0.386847,
  0.534969, 0.518013,
  0.534771, 0.386847,
  0.565462, 0.386847,
  0.565589, 0.518013,
  0.595891, 0.518013,
  0.595891, 0.386847,
  0.565589, 0.518013,
  0.565462, 0.386847,
  0.595891, 0.386847,
  0.595891, 0.518013,
  0.626193, 0.518013,
  0.626321, 0.386847,
  0.595891, 0.518013,
  0.595891, 0.386847,
  0.626321, 0.386847,
  0.626193, 0.518013,
  0.656814, 0.518013,
  0.657012, 0.386847,
  0.626193, 0.518013,
  0.626321, 0.386847,
  0.657012, 0.386847,
  0.656814, 0.518013,
  0.687935, 0.518013,
  0.688112, 0.386847,
  0.656814, 0.518013,
  0.657012, 0.386847,
  0.688112, 0.386847,
  0.687935, 0.518013,
  0.719510, 0.518013,
  0.719580, 0.386847,
  0.687935, 0.518013,
  0.688112, 0.386847,
  0.719580, 0.386847,
  0.719510, 0.518013,
  0.751267, 0.518013,
  0.751197, 0.386847,
  0.719510, 0.518013,
  0.719580, 0.386847,
  0.751197, 0.386847,
  0.751267, 0.518013,
  0.782842, 0.518013,
  0.782665, 0.386847,
  0.751267, 0.518013,
  0.751197, 0.386847,
  0.782665, 0.386847,
  0.782842, 0.518013,
  0.813963, 0.518013,
  0.813765, 0.386847,
  0.782842, 0.518013,
  0.782665, 0.386847,
  0.813765, 0.386847,
  0.813963, 0.518013,
  0.844584, 0.518013,
  0.844456, 0.386847,
  0.813963, 0.518013,
  0.813765, 0.386847,
  0.844456, 0.386847,
  0.844584, 0.518013,
  0.874886, 0.518013,
  0.874886, 0.386847,
  0.844584, 0.518013,
  0.844456, 0.386847,
  0.874886, 0.386847,
  0.874886, 0.386847,
  0.905315, 0.386847,
  0.904189, 0.247211,
  0.874886, 0.386847,
  0.874886, 0.247211,
  0.904189, 0.247211,
  0.905315, 0.386847,
  0.936006, 0.386847,
  0.934240, 0.247211,
  0.905315, 0.386847,
  0.904189, 0.247211,
  0.934240, 0.247211,
  0.936006, 0.386847,
  0.967106, 0.386847,
  0.965510, 0.247211,
  0.936006, 0.386847,
  0.934240, 0.247211,
  0.965510, 0.247211,
  0.409118, 0.386847,
  0.440586, 0.386847,
  0.439944, 0.247211,
  0.409118, 0.386847,
  0.407522, 0.247211,
  0.439944, 0.247211,
  0.440586, 0.386847,
  0.472202, 0.386847,
  0.472844, 0.247211,
  0.440586, 0.386847,
  0.439944, 0.247211,
  0.472844, 0.247211,
  0.472202, 0.386847,
  0.503671, 0.386847,
  0.505267, 0.247211,
  0.472202, 0.386847,
  0.472844, 0.247211,
  0.505267, 0.247211,
  0.503671, 0.386847,
  0.534771, 0.386847,
  0.536537, 0.247211,
  0.503671, 0.386847,
  0.505267, 0.247211,
  0.536537, 0.247211,
  0.534771, 0.386847,
  0.565462, 0.386847,
  0.566588, 0.247211,
  0.534771, 0.386847,
  0.536537, 0.247211,
  0.566588, 0.247211,
  0.565462, 0.386847,
  0.595891, 0.386847,
  0.595891, 0.247211,
  0.565462, 0.386847,
  0.566588, 0.247211,
  0.595891, 0.247211,
  0.595891, 0.386847,
  0.626321, 0.386847,
  0.625195, 0.247211,
  0.595891, 0.386847,
  0.595891, 0.247211,
  0.625195, 0.247211,
  0.626321, 0.386847,
  0.657012, 0.386847,
  0.655246, 0.247211,
  0.626321, 0.386847,
  0.625195, 0.247211,
  0.655246, 0.247211,
  0.657012, 0.386847,
  0.688112, 0.386847,
  0.686516, 0.247211,
  0.657012, 0.386847,
  0.655246, 0.247211,
  0.686516, 0.247211,
  0.688112, 0.386847,
  0.719580, 0.386847,
  0.718938, 0.247211,
  0.688112, 0.386847,
  0.686516, 0.247211,
  0.718938, 0.247211,
  0.719580, 0.386847,
  0.751197, 0.386847,
  0.751839, 0.247211,
  0.719580, 0.386847,
  0.718938, 0.247211,
  0.751839, 0.247211,
  0.751197, 0.386847,
  0.782665, 0.386847,
  0.784261, 0.247211,
  0.751197, 0.386847,
  0.751839, 0.247211,
  0.784261, 0.247211,
  0.782665, 0.386847,
  0.813765, 0.386847,
  0.815531, 0.247211,
  0.782665, 0.386847,
  0.784261, 0.247211,
  0.815531, 0.247211,
  0.813765, 0.386847,
  0.844456, 0.386847,
  0.845582, 0.247211,
  0.813765, 0.386847,
  0.815531, 0.247211,
  0.845582, 0.247211,
  0.844456, 0.386847,
  0.874886, 0.386847,
  0.874886, 0.247211,
  0.844456, 0.386847,
  0.845582, 0.247211,
  0.874886, 0.247211,
  0.874886, 0.247211,
  0.904189, 0.247211,
  0.902867, 0.095611,
  0.874886, 0.247211,
  0.874885, 0.095611,
  0.902867, 0.095611,
  0.904189, 0.247211,
  0.934240, 0.247211,
  0.932114, 0.095611,
  0.904189, 0.247211,
  0.902867, 0.095611,
  0.932114, 0.095611,
  0.934240, 0.247211,
  0.965510, 0.247211,
  0.963528, 0.095611,
  0.934240, 0.247211,
  0.932114, 0.095611,
  0.963528, 0.095611,
  0.407522, 0.247211,
  0.439944, 0.247211,
  0.439129, 0.095611,
  0.407522, 0.247211,
  0.405539, 0.095611,
  0.439129, 0.095611,
  0.439944, 0.247211,
  0.472844, 0.247211,
  0.473659, 0.095611,
  0.439944, 0.247211,
  0.439129, 0.095611,
  0.473659, 0.095611,
  0.472844, 0.247211,
  0.505267, 0.247211,
  0.507249, 0.095611,
  0.472844, 0.247211,
  0.473659, 0.095611,
  0.507249, 0.095611,
  0.505267, 0.247211,
  0.536537, 0.247211,
  0.538663, 0.095611,
  0.505267, 0.247211,
  0.507249, 0.095611,
  0.538663, 0.095611,
  0.536537, 0.247211,
  0.566588, 0.247211,
  0.567910, 0.095611,
  0.536537, 0.247211,
  0.538663, 0.095611,
  0.567910, 0.095611,
  0.566588, 0.247211,
  0.595891, 0.247211,
  0.595892, 0.095611,
  0.566588, 0.247211,
  0.567910, 0.095611,
  0.595892, 0.095611,
  0.595891, 0.247211,
  0.625195, 0.247211,
  0.623873, 0.095611,
  0.595891, 0.247211,
  0.595892, 0.095611,
  0.623873, 0.095611,
  0.625195, 0.247211,
  0.655246, 0.247211,
  0.653120, 0.095611,
  0.625195, 0.247211,
  0.623873, 0.095611,
  0.653120, 0.095611,
  0.655246, 0.247211,
  0.686516, 0.247211,
  0.684534, 0.095611,
  0.655246, 0.247211,
  0.653120, 0.095611,
  0.684534, 0.095611,
  0.686516, 0.247211,
  0.718938, 0.247211,
  0.718123, 0.095611,
  0.686516, 0.247211,
  0.684534, 0.095611,
  0.718123, 0.095611,
  0.718938, 0.247211,
  0.751839, 0.247211,
  0.752654, 0.095611,
  0.718938, 0.247211,
  0.718123, 0.095611,
  0.752654, 0.095611,
  0.751839, 0.247211,
  0.784261, 0.247211,
  0.786243, 0.095611,
  0.751839, 0.247211,
  0.752654, 0.095611,
  0.786243, 0.095611,
  0.784261, 0.247211,
  0.815531, 0.247211,
  0.817657, 0.095611,
  0.784261, 0.247211,
  0.786243, 0.095611,
  0.817657, 0.095611,
  0.815531, 0.247211,
  0.845582, 0.247211,
  0.846904, 0.095611,
  0.815531, 0.247211,
  0.817657, 0.095611,
  0.846904, 0.095611,
  0.845582, 0.247211,
  0.874886, 0.247211,
  0.874885, 0.095611,
  0.845582, 0.247211,
  0.846904, 0.095611,
  0.874885, 0.095611,
  0.874885, 0.095611,
  0.902867, 0.095611,
  0.712257, 0.024016,
  0.902867, 0.095611,
  0.932114, 0.095611,
  0.712257, 0.024016,
  0.932114, 0.095611,
  0.963528, 0.095611,
  0.712257, 0.024016,
  0.405539, 0.095611,
  0.439129, 0.095611,
  0.712257, 0.024016,
  0.439129, 0.095611,
  0.473659, 0.095611,
  0.712257, 0.024016,
  0.473659, 0.095611,
  0.507249, 0.095611,
  0.712257, 0.024016,
  0.507249, 0.095611,
  0.538663, 0.095611,
  0.712257, 0.024016,
  0.538663, 0.095611,
  0.567910, 0.095611,
  0.712257, 0.024016,
  0.567910, 0.095611,
  0.595892, 0.095611,
  0.712257, 0.024016,
  0.595892, 0.095611,
  0.623873, 0.095611,
  0.712257, 0.024016,
  0.623873, 0.095611,
  0.653120, 0.095611,
  0.712257, 0.024016,
  0.653120, 0.095611,
  0.684534, 0.095611,
  0.712257, 0.024016,
  0.684534, 0.095611,
  0.718123, 0.095611,
  0.712257, 0.024016,
  0.718123, 0.095611,
  0.752654, 0.095611,
  0.712257, 0.024016,
  0.752654, 0.095611,
  0.786243, 0.095611,
  0.712257, 0.024016,
  0.786243, 0.095611,
  0.817657, 0.095611,
  0.712257, 0.024016,
  0.817657, 0.095611,
  0.846904, 0.095611,
  0.712257, 0.024016,
  0.846904, 0.095611,
  0.874885, 0.095611,
  0.712257, 0.024016,
  0.905885, 0.66709,
  0.874886, 0.66709,
  0.724200, 0.66709,
  0.874886, 0.66709,
  0.843886, 0.66709,
  0.724200, 0.66709,
  0.843886, 0.66709,
  0.812887, 0.66709,
  0.724200, 0.66709,
  0.812887, 0.66709,
  0.781887, 0.66709,
  0.724200, 0.66709,
  0.781887, 0.66709,
  0.750888, 0.66709,
  0.724200, 0.66709,
  0.750888, 0.66709,
  0.719889, 0.66709,
  0.724200, 0.66709,
  0.719889, 0.66709,
  0.688889, 0.66709,
  0.724200, 0.66709,
  0.688889, 0.66709,
  0.657890, 0.66709,
  0.724200, 0.66709,
  0.657890, 0.66709,
  0.626891, 0.66709,
  0.724200, 0.66709,
  0.626891, 0.66709,
  0.595891, 0.66709,
  0.724200, 0.66709,
  0.595891, 0.66709,
  0.564892, 0.66709,
  0.724200, 0.66709,
  0.564892, 0.66709,
  0.533893, 0.66709,
  0.724200, 0.66709,
  0.533893, 0.66709,
  0.502893, 0.66709,
  0.724200, 0.66709,
  0.502893, 0.66709,
  0.471894, 0.66709,
  0.724200, 0.66709,
  0.471894, 0.66709,
  0.440895, 0.66709,
  0.724200, 0.66709,
  0.440895, 0.66709,
  0.409895, 0.66709,
  0.724200, 0.66709,
  0.967884, 0.66709,
  0.936884, 0.66709,
  0.724200, 0.66709,
  0.936884, 0.66709,
  0.905885, 0.66709,
  0.724200, 0.66709,
  0.770086, 0.846796,
  0.770053, 0.804421,
  0.818909, 0.804421,
  0.770086, 0.846796,
  0.827891, 0.871322,
  0.818909, 0.804421,
  0.827891, 0.871322,
  0.818909, 0.804421,
  0.893460, 0.956975,
  0.893460, 0.956975,
  0.818909, 0.804421,
  0.951241, 0.804421,
  0.893460, 0.956975,
  0.952877, 0.957221,
  0.951241, 0.804421,
  0.770053, 0.804421,
  0.773110, 0.759697,
  0.818909, 0.804421,
  0.818909, 0.804421,
  0.773110, 0.759697,
  0.930231, 0.759524,
  0.818909, 0.804421,
  0.951241, 0.804421,
  0.930231, 0.759524,
  0.773110, 0.759697,
  0.769325, 0.677294,
  0.854146, 0.677294,
  0.773110, 0.759697,
  0.930231, 0.759524,
  0.854146, 0.677294,
  0.760643, 0.846869,
  0.818448, 0.871394,
  0.808797, 0.804518,
  0.760643, 0.846869,
  0.760610, 0.804493,
  0.808797, 0.804518,
  0.818448, 0.871394,
  0.884017, 0.957048,
  0.808797, 0.804518,
  0.884017, 0.957048,
  0.943434, 0.957294,
  0.941798, 0.804493,
  0.884017, 0.957048,
  0.808797, 0.804518,
  0.941798, 0.804493,
  0.760610, 0.804493,
  0.808797, 0.804518,
  0.763333, 0.759782,
  0.808797, 0.804518,
  0.941798, 0.804493,
  0.920788, 0.759597,
  0.808797, 0.804518,
  0.763333, 0.759782,
  0.920788, 0.759597,
  0.763333, 0.759782,
  0.920788, 0.759597,
  0.844703, 0.677366,
  0.763333, 0.759782,
  0.759882, 0.677366,
  0.844703, 0.677366,
  0.021025, 0.868245,
  0.042995, 0.894739,
  0.042995, 0.894739,
  0.021025, 0.868245,
  0.021025, 0.868245,
  0.042995, 0.894739,
  0.042995, 0.894739,
  0.067906, 0.987267,
  0.067906, 0.987267,
  0.042995, 0.894739,
  0.042995, 0.894739,
  0.067906, 0.987267,
  0.067906, 0.987267,
  0.090490, 0.987532,
  0.090490, 0.987532,
  0.067906, 0.987267,
  0.067906, 0.987267,
  0.090490, 0.987532,
  0.020890, 0.980531,
  0.058882, 0.979838,
  0.058882, 0.698306,
  0.020890, 0.980531,
  0.020890, 0.699,
  0.058882, 0.698306,
  0.089913, 0.822465,
  0.081861, 0.773967,
  0.081861, 0.773967,
  0.089913, 0.822465,
  0.089913, 0.822465,
  0.081861, 0.773967,
  0.081861, 0.773967,
  0.053034, 0.685134,
  0.053034, 0.685134,
  0.081861, 0.773967,
  0.081861, 0.773967,
  0.053034, 0.685134,
  0.053034, 0.685134,
  0.020890, 0.685132,
  0.020890, 0.685132,
  0.053034, 0.685134,
  0.053034, 0.685134,
  0.020890, 0.685132,
  0.090490, 0.97846,
  0.070002, 0.972923,
  0.070000, 0.685132,
  0.090490, 0.97846,
  0.090490, 0.696928,
  0.070000, 0.685132,
  0.070002, 0.972923,
  0.058881, 0.987322,
  0.058881, 0.705791,
  0.070002, 0.972923,
  0.070000, 0.685132,
  0.058881, 0.705791,
  0.058881, 0.987322,
  0.048345, 0.987532,
  0.048345, 0.706001,
  0.058881, 0.987322,
  0.058881, 0.705791,
  0.048345, 0.706001,
  0.545514, 0.850658,
  0.545506, 0.811309,
  0.592708, 0.811309,
  0.545514, 0.850658,
  0.600840, 0.873431,
  0.592708, 0.811309,
  0.600840, 0.873431,
  0.592708, 0.811309,
  0.663577, 0.952967,
  0.663577, 0.952967,
  0.592708, 0.811309,
  0.718966, 0.811309,
  0.663577, 0.952967,
  0.720447, 0.953195,
  0.718966, 0.811309,
  0.545506, 0.811309,
  0.548802, 0.76978,
  0.592708, 0.811309,
  0.592708, 0.811309,
  0.548802, 0.76978,
  0.698730, 0.769619,
  0.592708, 0.811309,
  0.718966, 0.811309,
  0.698730, 0.769619,
  0.548802, 0.76978,
  0.545082, 0.693262,
  0.626083, 0.693262,
  0.548802, 0.76978,
  0.698730, 0.769619,
  0.626083, 0.693262,
  0.543370, 0.850725,
  0.598695, 0.873499,
  0.590229, 0.811399,
  0.543370, 0.850725,
  0.543361, 0.811376,
  0.590229, 0.811399,
  0.598695, 0.873499,
  0.661432, 0.953034,
  0.590229, 0.811399,
  0.661432, 0.953034,
  0.718302, 0.953262,
  0.716821, 0.811376,
  0.661432, 0.953034,
  0.590229, 0.811399,
  0.716821, 0.811376,
  0.543361, 0.811376,
  0.590229, 0.811399,
  0.546490, 0.769858,
  0.590229, 0.811399,
  0.716821, 0.811376,
  0.696585, 0.769687,
  0.590229, 0.811399,
  0.546490, 0.769858,
  0.696585, 0.769687,
  0.546490, 0.769858,
  0.696585, 0.769687,
  0.623939, 0.69333,
  0.546490, 0.769858,
  0.542938, 0.69333,
  0.623939, 0.69333,
  0.195350, 0.98796,
  0.186686, 0.985633,
  0.186686, 0.696557,
  0.195350, 0.98796,
  0.195350, 0.698883,
  0.186686, 0.696557,
  0.186686, 0.985633,
  0.156425, 0.98276,
  0.156425, 0.693684,
  0.186686, 0.985633,
  0.186686, 0.696557,
  0.156425, 0.693684,
  0.156425, 0.98276,
  0.156338, 0.98077,
  0.156338, 0.691694,
  0.156425, 0.98276,
  0.156425, 0.693684,
  0.156338, 0.691694,
  0.149516, 0.985261,
  0.148696, 0.81577,
  0.148696, 0.81577,
  0.149516, 0.985261,
  0.149516, 0.985261,
  0.148696, 0.81577,
  0.148696, 0.81577,
  0.137254, 0.765972,
  0.137254, 0.765972,
  0.148696, 0.81577,
  0.148696, 0.81577,
  0.137254, 0.765972,
  0.120463, 0.984216,
  0.149516, 0.980829,
  0.149516, 0.691752,
  0.120463, 0.984216,
  0.120463, 0.695139,
  0.149516, 0.691752,
  0.149516, 0.980829,
  0.149516, 0.975946,
  0.149516, 0.686869,
  0.149516, 0.980829,
  0.149516, 0.691752,
  0.149516, 0.686869,
  0.156338, 0.677455,
  0.158454, 0.768858,
  0.158386, 0.76887,
  0.156338, 0.677455,
  0.156338, 0.677455,
  0.158386, 0.76887,
  0.158454, 0.768858,
  0.156529, 0.818471,
  0.156529, 0.818471,
  0.158454, 0.768858,
  0.158386, 0.76887,
  0.156529, 0.818471,
  0.156529, 0.818471,
  0.156530, 0.865476,
  0.156529, 0.865476,
  0.156529, 0.818471,
  0.156529, 0.818471,
  0.156529, 0.865476,
  0.357864, 0.850458,
  0.357866, 0.81571,
  0.402349, 0.81571,
  0.357864, 0.850458,
  0.409797, 0.870569,
  0.402349, 0.81571,
  0.409797, 0.870569,
  0.402349, 0.81571,
  0.468679, 0.940805,
  0.468679, 0.940805,
  0.402349, 0.81571,
  0.520706, 0.81571,
  0.468679, 0.940805,
  0.522062, 0.941006,
  0.520706, 0.81571,
  0.357866, 0.81571,
  0.361107, 0.779037,
  0.402349, 0.81571,
  0.402349, 0.81571,
  0.361107, 0.779037,
  0.501660, 0.778895,
  0.402349, 0.81571,
  0.520706, 0.81571,
  0.501660, 0.778895,
  0.361107, 0.779037,
  0.357577, 0.711466,
  0.433538, 0.711466,
  0.361107, 0.779037,
  0.501660, 0.778895,
  0.433538, 0.711466,
  0.358605, 0.850518,
  0.410538, 0.870629,
  0.402899, 0.81579,
  0.358605, 0.850518,
  0.358607, 0.81577,
  0.402899, 0.81579,
  0.410538, 0.870629,
  0.469420, 0.940864,
  0.402899, 0.81579,
  0.469420, 0.940864,
  0.522802, 0.941066,
  0.521447, 0.81577,
  0.469420, 0.940864,
  0.402899, 0.81579,
  0.521447, 0.81577,
  0.358607, 0.81577,
  0.402899, 0.81579,
  0.361753, 0.779106,
  0.402899, 0.81579,
  0.521447, 0.81577,
  0.502400, 0.778955,
  0.402899, 0.81579,
  0.361753, 0.779106,
  0.502400, 0.778955,
  0.361753, 0.779106,
  0.502400, 0.778955,
  0.434279, 0.711526,
  0.361753, 0.779106,
  0.358318, 0.711526,
  0.434279, 0.711526,
  0.225565, 0.86808,
  0.253560, 0.893102,
  0.253584, 0.893102,
  0.225565, 0.86808,
  0.225590, 0.868081,
  0.253584, 0.893102,
  0.252615, 0.978727,
  0.225472, 0.976635,
  0.225472, 0.711056,
  0.252615, 0.978727,
  0.252615, 0.713148,
  0.225472, 0.711056,
  0.285301, 0.980489,
  0.314077, 0.980739,
  0.314101, 0.98074,
  0.285301, 0.980489,
  0.285325, 0.980489,
  0.314101, 0.98074,
  0.225395, 0.975297,
  0.273816, 0.974619,
  0.273815, 0.709039,
  0.225395, 0.975297,
  0.225395, 0.709718,
  0.273815, 0.709039,
  0.273816, 0.974619,
  0.288042, 0.980739,
  0.288042, 0.71516,
  0.273816, 0.974619,
  0.273815, 0.709039,
  0.288042, 0.71516,
  0.288042, 0.980739,
  0.314101, 0.976996,
  0.314101, 0.711416,
  0.288042, 0.980739,
  0.288042, 0.71516,
  0.314101, 0.711416,
  0.266351, 0.695144,
  0.225395, 0.695143,
  0.225419, 0.695143,
  0.266351, 0.695144,
  0.266376, 0.695145,
  0.225419, 0.695143,
  0.314101, 0.971813,
  0.287989, 0.966627,
  0.287985, 0.695143,
  0.314101, 0.971813,
  0.314101, 0.706233,
  0.287985, 0.695143,
  0.287989, 0.966627,
  0.273815, 0.980186,
  0.273815, 0.714606,
  0.287989, 0.966627,
  0.287985, 0.695143,
  0.273815, 0.714606,
  0.273815, 0.980186,
  0.260387, 0.980387,
  0.260387, 0.714807,
  0.273815, 0.980186,
  0.273815, 0.714606,
  0.260387, 0.714807,
  0.011234, 0.449342,
  0.020506, 0.450879,
  0.020506, 0.303358,
  0.011234, 0.449342,
  0.011234, 0.301822,
  0.020506, 0.303358,
  0.020506, 0.450879,
  0.029794, 0.453369,
  0.029794, 0.305849,
  0.020506, 0.450879,
  0.020506, 0.303358,
  0.029794, 0.305849,
  0.029794, 0.453369,
  0.039098, 0.456513,
  0.039098, 0.308992,
  0.029794, 0.453369,
  0.029794, 0.305849,
  0.039098, 0.308992,
  0.039098, 0.456513,
  0.048412, 0.45993,
  0.048412, 0.312409,
  0.039098, 0.456513,
  0.039098, 0.308992,
  0.048412, 0.312409,
  0.048412, 0.45993,
  0.057724, 0.463209,
  0.057724, 0.315688,
  0.048412, 0.45993,
  0.048412, 0.312409,
  0.057724, 0.315688,
  0.057724, 0.463209,
  0.067023, 0.465954,
  0.067023, 0.318434,
  0.057724, 0.463209,
  0.057724, 0.315688,
  0.067023, 0.318434,
  0.067023, 0.465954,
  0.076304, 0.467835,
  0.076304, 0.320314,
  0.067023, 0.465954,
  0.067023, 0.318434,
  0.076304, 0.320314,
  0.076304, 0.467835,
  0.085571, 0.468624,
  0.085571, 0.321103,
  0.076304, 0.467835,
  0.076304, 0.320314,
  0.085571, 0.321103,
  0.085571, 0.468624,
  0.094834, 0.468226,
  0.094834, 0.320705,
  0.085571, 0.468624,
  0.085571, 0.321103,
  0.094834, 0.320705,
  0.094834, 0.468226,
  0.104106, 0.466689,
  0.104106, 0.319169,
  0.094834, 0.468226,
  0.094834, 0.320705,
  0.104106, 0.319169,
  0.104106, 0.466689,
  0.113394, 0.464199,
  0.113394, 0.316678,
  0.104106, 0.466689,
  0.104106, 0.319169,
  0.113394, 0.316678,
  0.113394, 0.464199,
  0.122698, 0.461056,
  0.122698, 0.313535,
  0.113394, 0.464199,
  0.113394, 0.316678,
  0.122698, 0.313535,
  0.122698, 0.461056,
  0.132012, 0.457638,
  0.132012, 0.310118,
  0.122698, 0.461056,
  0.122698, 0.313535,
  0.132012, 0.310118,
  0.132012, 0.457638,
  0.141324, 0.454359,
  0.141324, 0.306839,
  0.132012, 0.457638,
  0.132012, 0.310118,
  0.141324, 0.306839,
  0.141324, 0.454359,
  0.150623, 0.451614,
  0.150623, 0.304093,
  0.141324, 0.454359,
  0.141324, 0.306839,
  0.150623, 0.304093,
  0.150623, 0.451614,
  0.159904, 0.449733,
  0.159904, 0.302213,
  0.150623, 0.451614,
  0.150623, 0.304093,
  0.159904, 0.302213,
  0.159904, 0.449733,
  0.169171, 0.448944,
  0.169171, 0.301424,
  0.159904, 0.449733,
  0.159904, 0.302213,
  0.169171, 0.301424,
  0.169171, 0.448944,
  0.178434, 0.449342,
  0.178434, 0.301822,
  0.169171, 0.448944,
  0.169171, 0.301424,
  0.178434, 0.301822,
  0.037089, 0.145124,
  0.062233, 0.130607,
  0.090826, 0.125565,
  0.037089, 0.145124,
  0.119419, 0.130607,
  0.090826, 0.125565,
  0.389026, 0.377351,
  0.376960, 0.350838,
  0.355287, 0.36567,
  0.389026, 0.377351,
  0.363579, 0.383889,
  0.355287, 0.36567,
  0.376960, 0.350838,
  0.356538, 0.330043,
  0.341254, 0.351381,
  0.376960, 0.350838,
  0.355287, 0.36567,
  0.341254, 0.351381,
  0.356538, 0.330043,
  0.330222, 0.317476,
  0.323171, 0.342744,
  0.356538, 0.330043,
  0.341254, 0.351381,
  0.323171, 0.342744,
  0.330222, 0.317476,
  0.301188, 0.314651,
  0.303219, 0.340803,
  0.330222, 0.317476,
  0.323171, 0.342744,
  0.303219, 0.340803,
  0.301188, 0.314651,
  0.272938, 0.321909,
  0.283806, 0.345791,
  0.301188, 0.314651,
  0.303219, 0.340803,
  0.283806, 0.345791,
  0.272938, 0.321909,
  0.248877, 0.338375,
  0.267272, 0.357106,
  0.272938, 0.321909,
  0.283806, 0.345791,
  0.267272, 0.357106,
  0.248877, 0.338375,
  0.231909, 0.362063,
  0.255612, 0.373383,
  0.248877, 0.338375,
  0.267272, 0.357106,
  0.255612, 0.373383,
  0.231909, 0.362063,
  0.224080, 0.390116,
  0.250233, 0.392661,
  0.231909, 0.362063,
  0.255612, 0.373383,
  0.250233, 0.392661,
  0.224080, 0.390116,
  0.226335, 0.41915,
  0.251782, 0.412612,
  0.224080, 0.390116,
  0.250233, 0.392661,
  0.251782, 0.412612,
  0.226335, 0.41915,
  0.238401, 0.445663,
  0.260074, 0.430831,
  0.226335, 0.41915,
  0.251782, 0.412612,
  0.260074, 0.430831,
  0.238401, 0.445663,
  0.258823, 0.466458,
  0.274107, 0.445121,
  0.238401, 0.445663,
  0.260074, 0.430831,
  0.274107, 0.445121,
  0.258823, 0.466458,
  0.285138, 0.479025,
  0.292190, 0.453757,
  0.258823, 0.466458,
  0.274107, 0.445121,
  0.292190, 0.453757,
  0.285138, 0.479025,
  0.314172, 0.481851,
  0.312142, 0.455698,
  0.285138, 0.479025,
  0.292190, 0.453757,
  0.312142, 0.455698,
  0.314172, 0.481851,
  0.342423, 0.474592,
  0.331555, 0.450711,
  0.314172, 0.481851,
  0.312142, 0.455698,
  0.331555, 0.450711,
  0.342423, 0.474592,
  0.366484, 0.458126,
  0.348089, 0.439395,
  0.342423, 0.474592,
  0.331555, 0.450711,
  0.348089, 0.439395,
  0.366484, 0.458126,
  0.383452, 0.434438,
  0.359748, 0.423118,
  0.366484, 0.458126,
  0.348089, 0.439395,
  0.359748, 0.423118,
  0.383452, 0.434438,
  0.391280, 0.406385,
  0.365128, 0.403841,
  0.383452, 0.434438,
  0.359748, 0.423118,
  0.365128, 0.403841,
  0.391280, 0.406385,
  0.389026, 0.377351,
  0.363579, 0.383889,
  0.391280, 0.406385,
  0.365128, 0.403841,
  0.363579, 0.383889,
  0.063018, 0.528082,
  0.057504, 0.529583,
  0.057999, 0.495267,
  0.063018, 0.528082,
  0.063582, 0.493765,
  0.057999, 0.495267,
  0.057504, 0.529583,
  0.051998, 0.531607,
  0.052356, 0.497291,
  0.057504, 0.529583,
  0.057999, 0.495267,
  0.052356, 0.497291,
  0.051998, 0.531607,
  0.046516, 0.533911,
  0.046687, 0.499595,
  0.051998, 0.531607,
  0.052356, 0.497291,
  0.046687, 0.499595,
  0.046516, 0.533911,
  0.041046, 0.536216,
  0.041007, 0.501899,
  0.046516, 0.533911,
  0.046687, 0.499595,
  0.041007, 0.501899,
  0.041046, 0.536216,
  0.035565, 0.538243,
  0.035321, 0.503927,
  0.041046, 0.536216,
  0.041007, 0.501899,
  0.035321, 0.503927,
  0.035565, 0.538243,
  0.030057, 0.53975,
  0.029641, 0.505433,
  0.035565, 0.538243,
  0.035321, 0.503927,
  0.029641, 0.505433,
  0.030057, 0.53975,
  0.024527, 0.540553,
  0.023998, 0.506237,
  0.030057, 0.53975,
  0.029641, 0.505433,
  0.023998, 0.506237,
  0.024527, 0.540553,
  0.019009, 0.540556,
  0.018438, 0.50624,
  0.024527, 0.540553,
  0.023998, 0.506237,
  0.018438, 0.50624,
  0.115985, 0.540556,
  0.110523, 0.539759,
  0.109986, 0.505443,
  0.115985, 0.540556,
  0.115414, 0.50624,
  0.109986, 0.505443,
  0.110523, 0.539759,
  0.105157, 0.538258,
  0.104715, 0.503942,
  0.110523, 0.539759,
  0.109986, 0.505443,
  0.104715, 0.503942,
  0.105157, 0.538258,
  0.099899, 0.536233,
  0.099595, 0.501917,
  0.105157, 0.538258,
  0.104715, 0.503942,
  0.099595, 0.501917,
  0.099899, 0.536233,
  0.094727, 0.53393,
  0.094585, 0.499614,
  0.099899, 0.536233,
  0.099595, 0.501917,
  0.094585, 0.499614,
  0.094727, 0.53393,
  0.089596, 0.531625,
  0.089627, 0.497309,
  0.094727, 0.53393,
  0.094585, 0.499614,
  0.089627, 0.497309,
  0.089596, 0.531625,
  0.084448, 0.529597,
  0.084651, 0.495281,
  0.089596, 0.531625,
  0.089627, 0.497309,
  0.084651, 0.495281,
  0.084448, 0.529597,
  0.079234, 0.528091,
  0.079592, 0.493775,
  0.084448, 0.529597,
  0.084651, 0.495281,
  0.079592, 0.493775,
  0.079234, 0.528091,
  0.073919, 0.527288,
  0.074403, 0.492971,
  0.079234, 0.528091,
  0.079592, 0.493775,
  0.074403, 0.492971,
  0.073919, 0.527288,
  0.068505, 0.527285,
  0.069062, 0.492968,
  0.073919, 0.527288,
  0.074403, 0.492971,
  0.069062, 0.492968,
  0.068505, 0.527285,
  0.063018, 0.528082,
  0.063582, 0.493765,
  0.068505, 0.527285,
  0.069062, 0.492968,
  0.063582, 0.493765,
  0.218395, 0.460556,
  0.187461, 0.465598,
  0.218395, 0.544156,
  0.187461, 0.465598,
  0.162317, 0.480115,
  0.218395, 0.544156,
  0.162317, 0.480115,
  0.143655, 0.502356,
  0.218395, 0.544156,
  0.143655, 0.502356,
  0.133724, 0.529639,
  0.218395, 0.544156,
  0.133724, 0.529639,
  0.133724, 0.558673,
  0.218395, 0.544156,
  0.133724, 0.558673,
  0.143655, 0.585956,
  0.218395, 0.544156,
  0.143655, 0.585956,
  0.162317, 0.608198,
  0.218395, 0.544156,
  0.162317, 0.608198,
  0.187461, 0.622715,
  0.218395, 0.544156,
  0.187461, 0.622715,
  0.216054, 0.627756,
  0.218395, 0.544156,
  0.216054, 0.627756,
  0.244647, 0.622715,
  0.218395, 0.544156,
  0.244647, 0.622715,
  0.269791, 0.608198,
  0.218395, 0.544156,
  0.269791, 0.608198,
  0.288454, 0.585956,
  0.218395, 0.544156,
  0.288454, 0.585956,
  0.298384, 0.558673,
  0.218395, 0.544156,
  0.298384, 0.558673,
  0.298384, 0.529639,
  0.218395, 0.544156,
  0.298384, 0.529639,
  0.288454, 0.502356,
  0.218395, 0.544156,
  0.288454, 0.502356,
  0.269791, 0.480115,
  0.218395, 0.544156,
  0.269791, 0.480115,
  0.246988, 0.465598,
  0.218395, 0.544156,
  0.246988, 0.465598,
  0.218395, 0.460556,
  0.218395, 0.544156