0.18563, -0.29347, 0.08945,
  0.236, -0.29347, 0.01752,
  0.24736, -0.15677, 0.02512,
  0.18563, -0.29347, 0.08945,
  0.19572, -0.15677, 0.09955,
  0.24736, -0.15677, 0.02512,
  0.236, -0.29347, 0.01752,
  0.25873, -0.29347, -0.0673,
  0.26999, -0.15677, -0.0631,
  0.236, -0.29347, 0.01752,
  0.24736, -0.15677, 0.02512,
  0.26999, -0.15677, -0.0631,
  0.25873, -0.29347, -0.0673,
  0.25107, -0.29347, -0.15478,
  0.26087, -0.15677, -0.15449,
  0.25873, -0.29347, -0.0673,
  0.26999, -0.15677, -0.0631,
  0.26087, -0.15677, -0.15449,
  0.25107, -0.29347, -0.15478,
  0.21396, -0.29347, -0.23437,
  0.22112, -0.15677, -0.23803,
  0.25107, -0.29347, -0.15478,
  0.26087, -0.15677, -0.15449,
  0.22112, -0.15677, -0.23803,
  0.21396, -0.29347, -0.23437,
  0.15186, -0.29347, -0.29647,
  0.15552, -0.15677, -0.30363,
  0.21396, -0.29347, -0.23437,
  0.22112, -0.15677, -0.23803,
  0.15552, -0.15677, -0.30363,
  0.15186, -0.29347, -0.29647,
  0.07227, -0.29347, -0.33358,
  0.07198, -0.15677, -0.34338,
  0.15186, -0.29347, -0.29647,
  0.15552, -0.15677, -0.30363,
  0.07198, -0.15677, -0.34338,
  0.07227, -0.29347, -0.33358,
  -0.0152, -0.29347, -0.34124,
  -0.0194, -0.15677, -0.3525,
  0.07227, -0.29347, -0.33358,
  0.07198, -0.15677, -0.34338,
  -0.0194, -0.15677, -0.3525,
  -0.0152, -0.29347, -0.34124,
  -0.10003, -0.29347, -0.31851,
  -0.10763, -0.15677, -0.32987,
  -0.0152, -0.29347, -0.34124,
  -0.0194, -0.15677, -0.3525,
  -0.10763, -0.15677, -0.32987,
  -0.10003, -0.29347, -0.31851,
  -0.17196, -0.29347, -0.26814,
  -0.18205, -0.15677, -0.27823,
  -0.10003, -0.29347, -0.31851,
  -0.10763, -0.15677, -0.32987,
  -0.18205, -0.15677, -0.27823,
  -0.17196, -0.29347, -0.26814,
  -0.22233, -0.29347, -0.1962,
  -0.23369, -0.15677, -0.20381,
  -0.17196, -0.29347, -0.26814,
  -0.18205, -0.15677, -0.27823,
  -0.23369, -0.15677, -0.20381,
  -0.22233, -0.29347, -0.1962,
  -0.24506, -0.29347, -0.11138,
  -0.25632, -0.15677, -0.11558,
  -0.22233, -0.29347, -0.1962,
  -0.23369, -0.15677, -0.20381,
  -0.25632, -0.15677, -0.11558,
  -0.24506, -0.29347, -0.11138,
  -0.23741, -0.29347, -0.02389,
  -0.24721, -0.15677, -0.02418,
  -0.24506, -0.29347, -0.11138,
  -0.25632, -0.15677, -0.11558,
  -0.24721, -0.15677, -0.02418,
  -0.23741, -0.29347, -0.02389,
  -0.2003, -0.29347, 0.05569,
  -0.20745, -0.15677, 0.05934,
  -0.23741, -0.29347, -0.02389,
  -0.24721, -0.15677, -0.02418,
  -0.20745, -0.15677, 0.05934,
  -0.2003, -0.29347, 0.05569,
  -0.1382, -0.29347, 0.11779,
  -0.14185, -0.15677, 0.12494,
  -0.2003, -0.29347, 0.05569,
  -0.20745, -0.15677, 0.05934,
  -0.14185, -0.15677, 0.12494,
  -0.1382, -0.29347, 0.11779,
  -0.05861, -0.29347, 0.1549,
  -0.05832, -0.15677, 0.1647,
  -0.1382, -0.29347, 0.11779,
  -0.14185, -0.15677, 0.12494,
  -0.05832, -0.15677, 0.1647,
  -0.05861, -0.29347, 0.1549,
  0.02887, -0.29347, 0.16255,
  0.03307, -0.15677, 0.17381,
  -0.05861, -0.29347, 0.1549,
  -0.05832, -0.15677, 0.1647,
  0.03307, -0.15677, 0.17381,
  0.02887, -0.29347, 0.16255,
  0.11369, -0.29347, 0.13982,
  0.1213, -0.15677, 0.15118,
  0.02887, -0.29347, 0.16255,
  0.03307, -0.15677, 0.17381,
  0.1213, -0.15677, 0.15118,
  0.11369, -0.29347, 0.13982,
  0.18563, -0.29347, 0.08945,
  0.19572, -0.15677, 0.09955,
  0.11369, -0.29347, 0.13982,
  0.1213, -0.15677, 0.15118,
  0.19572, -0.15677, 0.09955,
  0.19572, -0.15677, 0.09955,
  0.24736, -0.15677, 0.02512,
  0.24735, 0.0708, 0.02469,
  0.19572, -0.15677, 0.09955,
  0.19548, 0.0708, 0.09931,
  0.24735, 0.0708, 0.02469,
  0.24736, -0.15677, 0.02512,
  0.26999, -0.15677, -0.0631,
  0.2702, 0.0708, -0.06367,
  0.24736, -0.15677, 0.02512,
  0.24735, 0.0708, 0.02469,
  0.2702, 0.0708, -0.06367,
  0.26999, -0.15677, -0.0631,
  0.26087, -0.15677, -0.15449,
  0.26128, 0.0708, -0.15514,
  0.26999, -0.15677, -0.0631,
  0.2702, 0.0708, -0.06367,
  0.26128, 0.0708, -0.15514,
  0.26087, -0.15677, -0.15449,
  0.22112, -0.15677, -0.23803,
  0.22168, 0.0708, -0.23867,
  0.26087, -0.15677, -0.15449,
  0.26128, 0.0708, -0.15514,
  0.22168, 0.0708, -0.23867,
  0.22112, -0.15677, -0.23803,
  0.15552, -0.15677, -0.30363,
  0.15616, 0.0708, -0.30419,
  0.22112, -0.15677, -0.23803,
  0.22168, 0.0708, -0.23867,
  0.15616, 0.0708, -0.30419,
  0.15552, -0.15677, -0.30363,
  0.07198, -0.15677, -0.34338,
  0.07263, 0.0708, -0.34379,
  0.15552, -0.15677, -0.30363,
  0.15616, 0.0708, -0.30419,
  0.07263, 0.0708, -0.34379,
  0.07198, -0.15677, -0.34338,
  -0.0194, -0.15677, -0.3525,
  -0.01883, 0.0708, -0.35271,
  0.07198, -0.15677, -0.34338,
  0.07263, 0.0708, -0.34379,
  -0.01883, 0.0708, -0.35271,
  -0.0194, -0.15677, -0.3525,
  -0.10763, -0.15677, -0.32987,
  -0.1072, 0.0708, -0.32986,
  -0.0194, -0.15677, -0.3525,
  -0.01883, 0.0708, -0.35271,
  -0.1072, 0.0708, -0.32986,
  -0.10763, -0.15677, -0.32987,
  -0.18205, -0.15677, -0.27823,
  -0.18182, 0.0708, -0.27799,
  -0.10763, -0.15677, -0.32987,
  -0.1072, 0.0708, -0.32986,
  -0.18182, 0.0708, -0.27799,
  -0.18205, -0.15677, -0.27823,
  -0.23369, -0.15677, -0.20381,
  -0.23368, 0.0708, -0.20338,
  -0.18205, -0.15677, -0.27823,
  -0.18182, 0.0708, -0.27799,
  -0.23368, 0.0708, -0.20338,
  -0.23369, -0.15677, -0.20381,
  -0.25632, -0.15677, -0.11558,
  -0.25653, 0.0708, -0.11501,
  -0.23369, -0.15677, -0.20381,
  -0.23368, 0.0708, -0.20338,
  -0.25653, 0.0708, -0.11501,
  -0.25632, -0.15677, -0.11558,
  -0.24721, -0.15677, -0.02418,
  -0.24762, 0.0708, -0.02354,
  -0.25632, -0.15677, -0.11558,
  -0.25653, 0.0708, -0.11501,
  -0.24762, 0.0708, -0.02354,
  -0.24721, -0.15677, -0.02418,
  -0.20745, -0.15677, 0.05934,
  -0.20801, 0.0708, 0.05998,
  -0.24721, -0.15677, -0.02418,
  -0.24762, 0.0708, -0.02354,
  -0.20801, 0.0708, 0.05998,
  -0.20745, -0.15677, 0.05934,
  -0.14185, -0.15677, 0.12494,
  -0.14249, 0.0708, 0.1255,
  -0.20745, -0.15677, 0.05934,
  -0.20801, 0.0708, 0.05998,
  -0.14249, 0.0708, 0.1255,
  -0.14185, -0.15677, 0.12494,
  -0.05832, -0.15677, 0.1647,
  -0.05896, 0.0708, 0.16511,
  -0.14185, -0.15677, 0.12494,
  -0.14249, 0.0708, 0.1255,
  -0.05896, 0.0708, 0.16511,
  -0.05832, -0.15677, 0.1647,
  0.03307, -0.15677, 0.17381,
  0.0325, 0.0708, 0.17402,
  -0.05832, -0.15677, 0.1647,
  -0.05896, 0.0708, 0.16511,
  0.0325, 0.0708, 0.17402,
  0.03307, -0.15677, 0.17381,
  0.1213, -0.15677, 0.15118,
  0.12087, 0.0708, 0.15117,
  0.03307, -0.15677, 0.17381,
  0.0325, 0.0708, 0.17402,
  0.12087, 0.0708, 0.15117,
  0.1213, -0.15677, 0.15118,
  0.19572, -0.15677, 0.09955,
  0.19548, 0.0708, 0.09931,
  0.1213, -0.15677, 0.15118,
  0.12087, 0.0708, 0.15117,
  0.19548, 0.0708, 0.09931,
  0.19548, 0.0708, 0.09931,
  0.24735, 0.0708, 0.02469,
  0.2223, 0.25231, 0.01619,
  0.19548, 0.0708, 0.09931,
  0.17763, 0.25231, 0.08146,
  0.2223, 0.25231, 0.01619,
  0.24735, 0.0708, 0.02469,
  0.2702, 0.0708, -0.06367,
  0.24098, 0.25231, -0.06181,
  0.24735, 0.0708, 0.02469,
  0.2223, 0.25231, 0.01619,
  0.24098, 0.25231, -0.06181,
  0.2702, 0.0708, -0.06367,
  0.26128, 0.0708, -0.15514,
  0.23142, 0.25231, -0.14313,
  0.2702, 0.0708, -0.06367,
  0.24098, 0.25231, -0.06181,
  0.23142, 0.25231, -0.14313,
  0.26128, 0.0708, -0.15514,
  0.22168, 0.0708, -0.23867,
  0.19477, 0.25231, -0.21796,
  0.26128, 0.0708, -0.15514,
  0.23142, 0.25231, -0.14313,
  0.19477, 0.25231, -0.21796,
  0.22168, 0.0708, -0.23867,
  0.15616, 0.0708, -0.30419,
  0.13545, 0.25231, -0.27728,
  0.22168, 0.0708, -0.23867,
  0.19477, 0.25231, -0.21796,
  0.13545, 0.25231, -0.27728,
  0.15616, 0.0708, -0.30419,
  0.07263, 0.0708, -0.34379,
  0.06062, 0.25231, -0.31393,
  0.15616, 0.0708, -0.30419,
  0.13545, 0.25231, -0.27728,
  0.06062, 0.25231, -0.31393,
  0.07263, 0.0708, -0.34379,
  -0.01883, 0.0708, -0.35271,
  -0.02069, 0.25231, -0.32349,
  0.07263, 0.0708, -0.34379,
  0.06062, 0.25231, -0.31393,
  -0.02069, 0.25231, -0.32349,
  -0.01883, 0.0708, -0.35271,
  -0.1072, 0.0708, -0.32986,
  -0.09869, 0.25231, -0.30481,
  -0.01883, 0.0708, -0.35271,
  -0.02069, 0.25231, -0.32349,
  -0.09869, 0.25231, -0.30481,
  -0.1072, 0.0708, -0.32986,
  -0.18182, 0.0708, -0.27799,
  -0.16397, 0.25231, -0.26014,
  -0.1072, 0.0708, -0.32986,
  -0.09869, 0.25231, -0.30481,
  -0.16397, 0.25231, -0.26014,
  -0.18182, 0.0708, -0.27799,
  -0.23368, 0.0708, -0.20338,
  -0.20864, 0.25231, -0.19487,
  -0.18182, 0.0708, -0.27799,
  -0.16397, 0.25231, -0.26014,
  -0.20864, 0.25231, -0.19487,
  -0.23368, 0.0708, -0.20338,
  -0.25653, 0.0708, -0.11501,
  -0.22732, 0.25231, -0.11687,
  -0.23368, 0.0708, -0.20338,
  -0.20864, 0.25231, -0.19487,
  -0.22732, 0.25231, -0.11687,
  -0.25653, 0.0708, -0.11501,
  -0.24762, 0.0708, -0.02354,
  -0.21776, 0.25231, -0.03555,
  -0.25653, 0.0708, -0.11501,
  -0.22732, 0.25231, -0.11687,
  -0.21776, 0.25231, -0.03555,
  -0.24762, 0.0708, -0.02354,
  -0.20801, 0.0708, 0.05998,
  -0.18111, 0.25231, 0.03928,
  -0.24762, 0.0708, -0.02354,
  -0.21776, 0.25231, -0.03555,
  -0.18111, 0.25231, 0.03928,
  -0.20801, 0.0708, 0.05998,
  -0.14249, 0.0708, 0.1255,
  -0.12179, 0.25231, 0.0986,
  -0.20801, 0.0708, 0.05998,
  -0.18111, 0.25231, 0.03928,
  -0.12179, 0.25231, 0.0986,
  -0.14249, 0.0708, 0.1255,
  -0.05896, 0.0708, 0.16511,
  -0.04695, 0.25231, 0.13525,
  -0.14249, 0.0708, 0.1255,
  -0.12179, 0.25231, 0.0986,
  -0.04695, 0.25231, 0.13525,
  -0.05896, 0.0708, 0.16511,
  0.0325, 0.0708, 0.17402,
  0.03436, 0.25231, 0.14481,
  -0.05896, 0.0708, 0.16511,
  -0.04695, 0.25231, 0.13525,
  0.03436, 0.25231, 0.14481,
  0.0325, 0.0708, 0.17402,
  0.12087, 0.0708, 0.15117,
  0.11236, 0.25231, 0.12613,
  0.0325, 0.0708, 0.17402,
  0.03436, 0.25231, 0.14481,
  0.11236, 0.25231, 0.12613,
  0.12087, 0.0708, 0.15117,
  0.19548, 0.0708, 0.09931,
  0.17763, 0.25231, 0.08146,
  0.12087, 0.0708, 0.15117,
  0.11236, 0.25231, 0.12613,
  0.17763, 0.25231, 0.08146,
  0.17763, 0.25231, 0.08146,
  0.2223, 0.25231, 0.01619,
  0.10976, 0.44937, -0.03701,
  0.17763, 0.25231, 0.08146,
  0.08944, 0.44937, -0.00672,
  0.10976, 0.44937, -0.03701,
  0.2223, 0.25231, 0.01619,
  0.24098, 0.25231, -0.06181,
  0.11767, 0.44937, -0.07361,
  0.2223, 0.25231, 0.01619,
  0.10976, 0.44937, -0.03701,
  0.11767, 0.44937, -0.07361,
  0.24098, 0.25231, -0.06181,
  0.23142, 0.25231, -0.14313,
  0.11221, 0.44937, -0.1121,
  0.24098, 0.25231, -0.06181,
  0.11767, 0.44937, -0.07361,
  0.11221, 0.44937, -0.1121,
  0.23142, 0.25231, -0.14313,
  0.19477, 0.25231, -0.21796,
  0.09403, 0.44937, -0.14785,
  0.23142, 0.25231, -0.14313,
  0.11221, 0.44937, -0.1121,
  0.09403, 0.44937, -0.14785,
  0.19477, 0.25231, -0.21796,
  0.13545, 0.25231, -0.27728,
  0.06534, 0.44937, -0.17654,
  0.19477, 0.25231, -0.21796,
  0.09403, 0.44937, -0.14785,
  0.06534, 0.44937, -0.17654,
  0.13545, 0.25231, -0.27728,
  0.06062, 0.25231, -0.31393,
  0.02959, 0.44937, -0.19472,
  0.13545, 0.25231, -0.27728,
  0.06534, 0.44937, -0.17654,
  0.02959, 0.44937, -0.19472,
  0.06062, 0.25231, -0.31393,
  -0.02069, 0.25231, -0.32349,
  -0.00889, 0.44937, -0.20018,
  0.06062, 0.25231, -0.31393,
  0.02959, 0.44937, -0.19472,
  -0.00889, 0.44937, -0.20018,
  -0.02069, 0.25231, -0.32349,
  -0.09869, 0.25231, -0.30481,
  -0.04549, 0.44937, -0.19227,
  -0.02069, 0.25231, -0.32349,
  -0.00889, 0.44937, -0.20018,
  -0.04549, 0.44937, -0.19227,
  -0.09869, 0.25231, -0.30481,
  -0.16397, 0.25231, -0.26014,
  -0.07578, 0.44937, -0.17195,
  -0.09869, 0.25231, -0.30481,
  -0.04549, 0.44937, -0.19227,
  -0.07578, 0.44937, -0.17195,
  -0.16397, 0.25231, -0.26014,
  -0.20864, 0.25231, -0.19487,
  -0.0961, 0.44937, -0.14167,
  -0.16397, 0.25231, -0.26014,
  -0.07578, 0.44937, -0.17195,
  -0.0961, 0.44937, -0.14167,
  -0.20864, 0.25231, -0.19487,
  -0.22732, 0.25231, -0.11687,
  -0.104, 0.44937, -0.10507,
  -0.20864, 0.25231, -0.19487,
  -0.0961, 0.44937, -0.14167,
  -0.104, 0.44937, -0.10507,
  -0.22732, 0.25231, -0.11687,
  -0.21776, 0.25231, -0.03555,
  -0.09854, 0.44937, -0.06657,
  -0.22732, 0.25231, -0.11687,
  -0.104, 0.44937, -0.10507,
  -0.09854, 0.44937, -0.06657,
  -0.21776, 0.25231, -0.03555,
  -0.18111, 0.25231, 0.03928,
  -0.08037, 0.44937, -0.03082,
  -0.21776, 0.25231, -0.03555,
  -0.09854, 0.44937, -0.06657,
  -0.08037, 0.44937, -0.03082,
  -0.18111, 0.25231, 0.03928,
  -0.12179, 0.25231, 0.0986,
  -0.05168, 0.44937, -0.00213,
  -0.18111, 0.25231, 0.03928,
  -0.08037, 0.44937, -0.03082,
  -0.05168, 0.44937, -0.00213,
  -0.12179, 0.25231, 0.0986,
  -0.04695, 0.25231, 0.13525,
  -0.01593, 0.44937, 0.01603,
  -0.12179, 0.25231, 0.0986,
  -0.05168, 0.44937, -0.00213,
  -0.01593, 0.44937, 0.01603,
  -0.04695, 0.25231, 0.13525,
  0.03436, 0.25231, 0.14481,
  0.02256, 0.44937, 0.02149,
  -0.04695, 0.25231, 0.13525,
  -0.01593, 0.44937, 0.01603,
  0.02256, 0.44937, 0.02149,
  0.03436, 0.25231, 0.14481,
  0.11236, 0.25231, 0.12613,
  0.05916, 0.44937, 0.01359,
  0.03436, 0.25231, 0.14481,
  0.02256, 0.44937, 0.02149,
  0.05916, 0.44937, 0.01359,
  0.11236, 0.25231, 0.12613,
  0.17763, 0.25231, 0.08146,
  0.08944, 0.44937, -0.00672,
  0.11236, 0.25231, 0.12613,
  0.05916, 0.44937, 0.01359,
  0.08944, 0.44937, -0.00672,
  0.08944, 0.44937, -0.00672,
  0.10976, 0.44937, -0.03701,
  0.00683, 0.51645, -0.08934,
  0.10976, 0.44937, -0.03701,
  0.11767, 0.44937, -0.07361,
  0.00683, 0.51645, -0.08934,
  0.11767, 0.44937, -0.07361,
  0.11221, 0.44937, -0.1121,
  0.00683, 0.51645, -0.08934,
  0.11221, 0.44937, -0.1121,
  0.09403, 0.44937, -0.14785,
  0.00683, 0.51645, -0.08934,
  0.09403, 0.44937, -0.14785,
  0.06534, 0.44937, -0.17654,
  0.00683, 0.51645, -0.08934,
  0.06534, 0.44937, -0.17654,
  0.02959, 0.44937, -0.19472,
  0.00683, 0.51645, -0.08934,
  0.02959, 0.44937, -0.19472,
  -0.00889, 0.44937, -0.20018,
  0.00683, 0.51645, -0.08934,
  -0.00889, 0.44937, -0.20018,
  -0.04549, 0.44937, -0.19227,
  0.00683, 0.51645, -0.08934,
  -0.04549, 0.44937, -0.19227,
  -0.07578, 0.44937, -0.17195,
  0.00683, 0.51645, -0.08934,
  -0.07578, 0.44937, -0.17195,
  -0.0961, 0.44937, -0.14167,
  0.00683, 0.51645, -0.08934,
  -0.0961, 0.44937, -0.14167,
  -0.104, 0.44937, -0.10507,
  0.00683, 0.51645, -0.08934,
  -0.104, 0.44937, -0.10507,
  -0.09854, 0.44937, -0.06657,
  0.00683, 0.51645, -0.08934,
  -0.09854, 0.44937, -0.06657,
  -0.08037, 0.44937, -0.03082,
  0.00683, 0.51645, -0.08934,
  -0.08037, 0.44937, -0.03082,
  -0.05168, 0.44937, -0.00213,
  0.00683, 0.51645, -0.08934,
  -0.05168, 0.44937, -0.00213,
  -0.01593, 0.44937, 0.01603,
  0.00683, 0.51645, -0.08934,
  -0.01593, 0.44937, 0.01603,
  0.02256, 0.44937, 0.02149,
  0.00683, 0.51645, -0.08934,
  0.02256, 0.44937, 0.02149,
  0.05916, 0.44937, 0.01359,
  0.00683, 0.51645, -0.08934,
  0.05916, 0.44937, 0.01359,
  0.08944, 0.44937, -0.00672,
  0.00683, 0.51645, -0.08934,
  0.236, -0.29347, 0.01752,
  0.18563, -0.29347, 0.08945,
  0.00683, -0.29347, -0.08934,
  0.18563, -0.29347, 0.08945,
  0.11369, -0.29347, 0.13982,
  0.00683, -0.29347, -0.08934,
  0.11369, -0.29347, 0.13982,
  0.02887, -0.29347, 0.16255,
  0.00683, -0.29347, -0.08934,
  0.02887, -0.29347, 0.16255,
  -0.05861, -0.29347, 0.1549,
  0.00683, -0.29347, -0.08934,
  -0.05861, -0.29347, 0.1549,
  -0.1382, -0.29347, 0.11779,
  0.00683, -0.29347, -0.08934,
  -0.1382, -0.29347, 0.11779,
  -0.2003, -0.29347, 0.05569,
  0.00683, -0.29347, -0.08934,
  -0.2003, -0.29347, 0.05569,
  -0.23741, -0.29347, -0.02389,
  0.00683, -0.29347, -0.08934,
  -0.23741, -0.29347, -0.02389,
  -0.24506, -0.29347, -0.11138,
  0.00683, -0.29347, -0.08934,
  -0.24506, -0.29347, -0.11138,
  -0.22233, -0.29347, -0.1962,
  0.00683, -0.29347, -0.08934,
  -0.22233, -0.29347, -0.1962,
  -0.17196, -0.29347, -0.26814,
  0.00683, -0.29347, -0.08934,
  -0.17196, -0.29347, -0.26814,
  -0.10003, -0.29347, -0.31851,
  0.00683, -0.29347, -0.08934,
  -0.10003, -0.29347, -0.31851,
  -0.0152, -0.29347, -0.34124,
  0.00683, -0.29347, -0.08934,
  -0.0152, -0.29347, -0.34124,
  0.07227, -0.29347, -0.33358,
  0.00683, -0.29347, -0.08934,
  0.07227, -0.29347, -0.33358,
  0.15186, -0.29347, -0.29647,
  0.00683, -0.29347, -0.08934,
  0.15186, -0.29347, -0.29647,
  0.21396, -0.29347, -0.23437,
  0.00683, -0.29347, -0.08934,
  0.21396, -0.29347, -0.23437,
  0.25107, -0.29347, -0.15478,
  0.00683, -0.29347, -0.08934,
  0.25107, -0.29347, -0.15478,
  0.25873, -0.29347, -0.0673,
  0.00683, -0.29347, -0.08934,
  0.25873, -0.29347, -0.0673,
  0.236, -0.29347, 0.01752,
  0.00683, -0.29347, -0.08934,
  0.13495, -0.31702, -0.00477,
  0.13484, -0.25316, -0.00463,
  0.18176, -0.25316, 0.03673,
  0.13495, -0.31702, -0.00477,
  0.19214, -0.35398, 0.04057,
  0.18176, -0.25316, 0.03673,
  0.19214, -0.35398, 0.04057,
  0.18176, -0.25316, 0.03673,
  0.25706, -0.48306, 0.09187,
  0.25706, -0.48306, 0.09187,
  0.18176, -0.25316, 0.03673,
  0.31394, -0.25316, 0.1378,
  0.25706, -0.48306, 0.09187,
  0.31584, -0.48343, 0.1385,
  0.31394, -0.25316, 0.1378,
  0.13484, -0.25316, -0.00463,
  0.13668, -0.18576, 0.0003,
  0.18176, -0.25316, 0.03673,
  0.18176, -0.25316, 0.03673,
  0.13668, -0.18576, 0.0003,
  0.29357, -0.1855, 0.12044,
  0.18176, -0.25316, 0.03673,
  0.31394, -0.25316, 0.1378,
  0.29357, -0.1855, 0.12044,
  0.13668, -0.18576, 0.0003,
  0.13325, -0.06157, -0.00332,
  0.21774, -0.06157, 0.06196,
  0.13668, -0.18576, 0.0003,
  0.29357, -0.1855, 0.12044,
  0.21774, -0.06157, 0.06196,
  0.10347, -0.31713, 0.03529,
  0.16066, -0.35409, 0.08064,
  0.14863, -0.2533, 0.07838,
  0.10347, -0.31713, 0.03529,
  0.10337, -0.25327, 0.03542,
  0.14863, -0.2533, 0.07838,
  0.16066, -0.35409, 0.08064,
  0.22558, -0.48317, 0.13194,
  0.14863, -0.2533, 0.07838,
  0.22558, -0.48317, 0.13194,
  0.28436, -0.48354, 0.17856,
  0.28247, -0.25327, 0.17786,
  0.22558, -0.48317, 0.13194,
  0.14863, -0.2533, 0.07838,
  0.28247, -0.25327, 0.17786,
  0.10337, -0.25327, 0.03542,
  0.14863, -0.2533, 0.07838,
  0.10438, -0.18588, 0.04116,
  0.14863, -0.2533, 0.07838,
  0.28247, -0.25327, 0.17786,
  0.26209, -0.18561, 0.1605,
  0.14863, -0.2533, 0.07838,
  0.10438, -0.18588, 0.04116,
  0.26209, -0.18561, 0.1605,
  0.10438, -0.18588, 0.04116,
  0.26209, -0.18561, 0.1605,
  0.18626, -0.06168, 0.10202,
  0.10438, -0.18588, 0.04116,
  0.10177, -0.06168, 0.03673,
  0.18626, -0.06168, 0.10202,
  0.13495, -0.31702, -0.00477,
  0.19214, -0.35398, 0.04057,
  0.16066, -0.35409, 0.08064,
  0.13495, -0.31702, -0.00477,
  0.10347, -0.31713, 0.03529,
  0.16066, -0.35409, 0.08064,
  0.19214, -0.35398, 0.04057,
  0.25706, -0.48306, 0.09187,
  0.22558, -0.48317, 0.13194,
  0.19214, -0.35398, 0.04057,
  0.16066, -0.35409, 0.08064,
  0.22558, -0.48317, 0.13194,
  0.25706, -0.48306, 0.09187,
  0.31584, -0.48343, 0.1385,
  0.28436, -0.48354, 0.17856,
  0.25706, -0.48306, 0.09187,
  0.22558, -0.48317, 0.13194,
  0.28436, -0.48354, 0.17856,
  0.31584, -0.48343, 0.1385,
  0.31394, -0.25316, 0.1378,
  0.28247, -0.25327, 0.17786,
  0.31584, -0.48343, 0.1385,
  0.28436, -0.48354, 0.17856,
  0.28247, -0.25327, 0.17786,
  0.31394, -0.25316, 0.1378,
  0.29357, -0.1855, 0.12044,
  0.26209, -0.18561, 0.1605,
  0.31394, -0.25316, 0.1378,
  0.28247, -0.25327, 0.17786,
  0.26209, -0.18561, 0.1605,
  0.29357, -0.1855, 0.12044,
  0.21774, -0.06157, 0.06196,
  0.18626, -0.06168, 0.10202,
  0.29357, -0.1855, 0.12044,
  0.26209, -0.18561, 0.1605,
  0.18626, -0.06168, 0.10202,
  0.21774, -0.06157, 0.06196,
  0.13325, -0.06157, -0.00332,
  0.10177, -0.06168, 0.03673,
  0.21774, -0.06157, 0.06196,
  0.18626, -0.06168, 0.10202,
  0.10177, -0.06168, 0.03673,
  0.13325, -0.06157, -0.00332,
  0.13668, -0.18576, 0.0003,
  0.10438, -0.18588, 0.04116,
  0.13325, -0.06157, -0.00332,
  0.10177, -0.06168, 0.03673,
  0.10438, -0.18588, 0.04116,
  0.13668, -0.18576, 0.0003,
  0.13484, -0.25316, -0.00463,
  0.10337, -0.25327, 0.03542,
  0.13668, -0.18576, 0.0003,
  0.10438, -0.18588, 0.04116,
  0.10337, -0.25327, 0.03542,
  0.13484, -0.25316, -0.00463,
  0.13495, -0.31702, -0.00477,
  0.10347, -0.31713, 0.03529,
  0.13484, -0.25316, -0.00463,
  0.10337, -0.25327, 0.03542,
  0.10347, -0.31713, 0.03529,
  0.00055, -0.31702, -0.24514,
  0.00072, -0.25316, -0.2451,
  0.0184, -0.25316, -0.30509,
  0.00055, -0.31702, -0.24514,
  0.01751, -0.35398, -0.31612,
  0.0184, -0.25316, -0.30509,
  0.01751, -0.35398, -0.31612,
  0.0184, -0.25316, -0.30509,
  0.03659, -0.48306, -0.39664,
  0.03659, -0.48306, -0.39664,
  0.0184, -0.25316, -0.30509,
  0.0542, -0.25316, -0.4676,
  0.03659, -0.48306, -0.39664,
  0.05404, -0.48343, -0.46961,
  0.0542, -0.25316, -0.4676,
  0.00072, -0.25316, -0.2451,
  0.00442, -0.18576, -0.24885,
  0.0184, -0.25316, -0.30509,
  0.0184, -0.25316, -0.30509,
  0.00442, -0.18576, -0.24885,
  0.04707, -0.1855, -0.4418,
  0.0184, -0.25316, -0.30509,
  0.0542, -0.25316, -0.4676,
  0.04707, -0.1855, -0.4418,
  0.00442, -0.18576, -0.24885,
  0.00258, -0.06157, -0.2442,
  0.02608, -0.06157, -0.34836,
  0.00442, -0.18576, -0.24885,
  0.04707, -0.1855, -0.4418,
  0.02608, -0.06157, -0.34836,
  0.05016, -0.31713, -0.23353,
  0.06712, -0.35409, -0.30451,
  0.07015, -0.2533, -0.29266,
  0.05016, -0.31713, -0.23353,
  0.05033, -0.25327, -0.23348,
  0.07015, -0.2533, -0.29266,
  0.06712, -0.35409, -0.30451,
  0.0862, -0.48317, -0.38503,
  0.07015, -0.2533, -0.29266,
  0.0862, -0.48317, -0.38503,
  0.10364, -0.48354, -0.45799,
  0.10381, -0.25327, -0.45598,
  0.0862, -0.48317, -0.38503,
  0.07015, -0.2533, -0.29266,
  0.10381, -0.25327, -0.45598,
  0.05033, -0.25327, -0.23348,
  0.07015, -0.2533, -0.29266,
  0.0551, -0.18588, -0.23683,
  0.07015, -0.2533, -0.29266,
  0.10381, -0.25327, -0.45598,
  0.09668, -0.18561, -0.43018,
  0.07015, -0.2533, -0.29266,
  0.0551, -0.18588, -0.23683,
  0.09668, -0.18561, -0.43018,
  0.0551, -0.18588, -0.23683,
  0.09668, -0.18561, -0.43018,
  0.07569, -0.06168, -0.33675,
  0.0551, -0.18588, -0.23683,
  0.05219, -0.06168, -0.23259,
  0.07569, -0.06168, -0.33675,
  0.00055, -0.31702, -0.24514,
  0.01751, -0.35398, -0.31612,
  0.06712, -0.35409, -0.30451,
  0.00055, -0.31702, -0.24514,
  0.05016, -0.31713, -0.23353,
  0.06712, -0.35409, -0.30451,
  0.01751, -0.35398, -0.31612,
  0.03659, -0.48306, -0.39664,
  0.0862, -0.48317, -0.38503,
  0.01751, -0.35398, -0.31612,
  0.06712, -0.35409, -0.30451,
  0.0862, -0.48317, -0.38503,
  0.03659, -0.48306, -0.39664,
  0.05404, -0.48343, -0.46961,
  0.10364, -0.48354, -0.45799,
  0.03659, -0.48306, -0.39664,
  0.0862, -0.48317, -0.38503,
  0.10364, -0.48354, -0.45799,
  0.05404, -0.48343, -0.46961,
  0.0542, -0.25316, -0.4676,
  0.10381, -0.25327, -0.45598,
  0.05404, -0.48343, -0.46961,
  0.10364, -0.48354, -0.45799,
  0.10381, -0.25327, -0.45598,
  0.0542, -0.25316, -0.4676,
  0.04707, -0.1855, -0.4418,
  0.09668, -0.18561, -0.43018,
  0.0542, -0.25316, -0.4676,
  0.10381, -0.25327, -0.45598,
  0.09668, -0.18561, -0.43018,
  0.04707, -0.1855, -0.4418,
  0.02608, -0.06157, -0.34836,
  0.07569, -0.06168, -0.33675,
  0.04707, -0.1855, -0.4418,
  0.09668, -0.18561, -0.43018,
  0.07569, -0.06168, -0.33675,
  0.02608, -0.06157, -0.34836,
  0.00258, -0.06157, -0.2442,
  0.05219, -0.06168, -0.23259,
  0.02608, -0.06157, -0.34836,
  0.07569, -0.06168, -0.33675,
  0.05219, -0.06168, -0.23259,
  0.00258, -0.06157, -0.2442,
  0.00442, -0.18576, -0.24885,
  0.0551, -0.18588, -0.23683,
  0.00258, -0.06157, -0.2442,
  0.05219, -0.06168, -0.23259,
  0.0551, -0.18588, -0.23683,
  0.00442, -0.18576, -0.24885,
  0.00072, -0.25316, -0.2451,
  0.05033, -0.25327, -0.23348,
  0.00442, -0.18576, -0.24885,
  0.0551, -0.18588, -0.23683,
  0.05033, -0.25327, -0.23348,
  0.00072, -0.25316, -0.2451,
  0.00055, -0.31702, -0.24514,
  0.05016, -0.31713, -0.23353,
  0.00072, -0.25316, -0.2451,
  0.05033, -0.25327, -0.23348,
  0.05016, -0.31713, -0.23353,
  -0.11982, -0.31702, -0.02467,
  -0.11986, -0.25316, -0.02483,
  -0.18083, -0.25316, -0.01085,
  -0.11982, -0.31702, -0.02467,
  -0.19, -0.35398, -0.00466,
  -0.18083, -0.25316, -0.01085,
  -0.19, -0.35398, -0.00466,
  -0.18083, -0.25316, -0.01085,
  -0.26954, -0.48306, 0.01816,
  -0.26954, -0.48306, 0.01816,
  -0.18083, -0.25316, -0.01085,
  -0.34002, -0.25316, 0.03759,
  -0.26954, -0.48306, 0.01816,
  -0.34169, -0.48343, 0.03872,
  -0.34002, -0.25316, 0.03759,
  -0.11986, -0.25316, -0.02483,
  -0.12495, -0.18576, -0.02622,
  -0.18083, -0.25316, -0.01085,
  -0.18083, -0.25316, -0.01085,
  -0.12495, -0.18576, -0.02622,
  -0.31404, -0.1855, 0.03116,
  -0.18083, -0.25316, -0.01085,
  -0.34002, -0.25316, 0.03759,
  -0.31404, -0.1855, 0.03116,
  -0.12495, -0.18576, -0.02622,
  -0.12, -0.06157, -0.02689,
  -0.22231, -0.06157, 0.00366,
  -0.12495, -0.18576, -0.02622,
  -0.31404, -0.1855, 0.03116,
  -0.22231, -0.06157, 0.00366,
  -0.13401, -0.31713, -0.0736,
  -0.20419, -0.35409, -0.05359,
  -0.19534, -0.2533, -0.06204,
  -0.13401, -0.31713, -0.0736,
  -0.13405, -0.25327, -0.07377,
  -0.19534, -0.2533, -0.06204,
  -0.20419, -0.35409, -0.05359,
  -0.28373, -0.48317, -0.03077,
  -0.19534, -0.2533, -0.06204,
  -0.28373, -0.48317, -0.03077,
  -0.35588, -0.48354, -0.01021,
  -0.35421, -0.25327, -0.01134,
  -0.28373, -0.48317, -0.03077,
  -0.19534, -0.2533, -0.06204,
  -0.35421, -0.25327, -0.01134,
  -0.13405, -0.25327, -0.07377,
  -0.19534, -0.2533, -0.06204,
  -0.13931, -0.18588, -0.07629,
  -0.19534, -0.2533, -0.06204,
  -0.35421, -0.25327, -0.01134,
  -0.32823, -0.18561, -0.01777,
  -0.19534, -0.2533, -0.06204,
  -0.13931, -0.18588, -0.07629,
  -0.32823, -0.18561, -0.01777,
  -0.13931, -0.18588, -0.07629,
  -0.32823, -0.18561, -0.01777,
  -0.2365, -0.06168, -0.04527,
  -0.13931, -0.18588, -0.07629,
  -0.13419, -0.06168, -0.07583,
  -0.2365, -0.06168, -0.04527,
  -0.11982, -0.31702, -0.02467,
  -0.19, -0.35398, -0.00466,
  -0.20419, -0.35409, -0.05359,
  -0.11982, -0.31702, -0.02467,
  -0.13401, -0.31713, -0.0736,
  -0.20419, -0.35409, -0.05359,
  -0.19, -0.35398, -0.00466,
  -0.26954, -0.48306, 0.01816,
  -0.28373, -0.48317, -0.03077,
  -0.19, -0.35398, -0.00466,
  -0.20419, -0.35409, -0.05359,
  -0.28373, -0.48317, -0.03077,
  -0.26954, -0.48306, 0.01816,
  -0.34169, -0.48343, 0.03872,
  -0.35588, -0.48354, -0.01021,
  -0.26954, -0.48306, 0.01816,
  -0.28373, -0.48317, -0.03077,
  -0.35588, -0.48354, -0.01021,
  -0.34169, -0.48343, 0.03872,
  -0.34002, -0.25316, 0.03759,
  -0.35421, -0.25327, -0.01134,
  -0.34169, -0.48343, 0.03872,
  -0.35588, -0.48354, -0.01021,
  -0.35421, -0.25327, -0.01134,
  -0.34002, -0.25316, 0.03759,
  -0.31404, -0.1855, 0.03116,
  -0.32823, -0.18561, -0.01777,
  -0.34002, -0.25316, 0.03759,
  -0.35421, -0.25327, -0.01134,
  -0.32823, -0.18561, -0.01777,
  -0.31404, -0.1855, 0.03116,
  -0.22231, -0.06157, 0.00366,
  -0.2365, -0.06168, -0.04527,
  -0.31404, -0.1855, 0.03116,
  -0.32823, -0.18561, -0.01777,
  -0.2365, -0.06168, -0.04527,
  -0.22231, -0.06157, 0.00366,
  -0.12, -0.06157, -0.02689,
  -0.13419, -0.06168, -0.07583,
  -0.22231, -0.06157, 0.00366,
  -0.2365, -0.06168, -0.04527,
  -0.13419, -0.06168, -0.07583,
  -0.12, -0.06157, -0.02689,
  -0.12495, -0.18576, -0.02622,
  -0.13931, -0.18588, -0.07629,
  -0.12, -0.06157, -0.02689,
  -0.13419, -0.06168, -0.07583,
  -0.13931, -0.18588, -0.07629,
  -0.12495, -0.18576, -0.02622,
  -0.11986, -0.25316, -0.02483,
  -0.13405, -0.25327, -0.07377,
  -0.12495, -0.18576, -0.02622,
  -0.13931, -0.18588, -0.07629,
  -0.13405, -0.25327, -0.07377,
  -0.11986, -0.25316, -0.02483,
  -0.11982, -0.31702, -0.02467,
  -0.13401, -0.31713, -0.0736,
  -0.11986, -0.25316, -0.02483,
  -0.13405, -0.25327, -0.07377,
  -0.13401, -0.31713, -0.0736,
  0.12945, 0.18696, 0.15934,
  0.10832, 0.23376, 0.15128,
  0.10803, 0.24247, 0.20668,
  0.12945, 0.18696, 0.15934,
  0.12917, 0.19567, 0.21474,
  0.10803, 0.24247, 0.20668,
  0.10832, 0.23376, 0.15128,
  0.07222, 0.27052, 0.14435,
  0.07194, 0.27923, 0.19975,
  0.10832, 0.23376, 0.15128,
  0.10803, 0.24247, 0.20668,
  0.07194, 0.27923, 0.19975,
  0.07222, 0.27052, 0.14435,
  0.02552, 0.2928, 0.13939,
  0.02524, 0.30151, 0.1948,
  0.07222, 0.27052, 0.14435,
  0.07194, 0.27923, 0.19975,
  0.02524, 0.30151, 0.1948,
  0.02552, 0.2928, 0.13939,
  -0.02614, 0.29792, 0.137,
  -0.02643, 0.30663, 0.19241,
  0.02552, 0.2928, 0.13939,
  0.02524, 0.30151, 0.1948,
  -0.02643, 0.30663, 0.19241,
  -0.02614, 0.29792, 0.137,
  -0.07655, 0.28526, 0.13747,
  -0.07684, 0.29397, 0.19287,
  -0.02614, 0.29792, 0.137,
  -0.02643, 0.30663, 0.19241,
  -0.07684, 0.29397, 0.19287,
  -0.07655, 0.28526, 0.13747,
  -0.11963, 0.25635, 0.14074,
  -0.11992, 0.26506, 0.19614,
  -0.07655, 0.28526, 0.13747,
  -0.07684, 0.29397, 0.19287,
  -0.11992, 0.26506, 0.19614,
  -0.11963, 0.25635, 0.14074,
  -0.15017, 0.21467, 0.14641,
  -0.15046, 0.22338, 0.20181,
  -0.11963, 0.25635, 0.14074,
  -0.11992, 0.26506, 0.19614,
  -0.15046, 0.22338, 0.20181,
  -0.15017, 0.21467, 0.14641,
  -0.16449, 0.16525, 0.1538,
  -0.16478, 0.17396, 0.2092,
  -0.15017, 0.21467, 0.14641,
  -0.15046, 0.22338, 0.20181,
  -0.16478, 0.17396, 0.2092,
  -0.16449, 0.16525, 0.1538,
  -0.16086, 0.11405, 0.16202,
  -0.16115, 0.12276, 0.21742,
  -0.16449, 0.16525, 0.1538,
  -0.16478, 0.17396, 0.2092,
  -0.16115, 0.12276, 0.21742,
  -0.16086, 0.11405, 0.16202,
  -0.13973, 0.06725, 0.17008,
  -0.14001, 0.07596, 0.22548,
  -0.16086, 0.11405, 0.16202,
  -0.16115, 0.12276, 0.21742,
  -0.14001, 0.07596, 0.22548,
  -0.13973, 0.06725, 0.17008,
  -0.10363, 0.03048, 0.17701,
  -0.10392, 0.0392, 0.23241,
  -0.13973, 0.06725, 0.17008,
  -0.14001, 0.07596, 0.22548,
  -0.10392, 0.0392, 0.23241,
  -0.10363, 0.03048, 0.17701,
  -0.05693, 0.0082, 0.18196,
  -0.05722, 0.01691, 0.23736,
  -0.10363, 0.03048, 0.17701,
  -0.10392, 0.0392, 0.23241,
  -0.05722, 0.01691, 0.23736,
  -0.05693, 0.0082, 0.18196,
  -0.00526, 0.00308, 0.18435,
  -0.00555, 0.01179, 0.23975,
  -0.05693, 0.0082, 0.18196,
  -0.05722, 0.01691, 0.23736,
  -0.00555, 0.01179, 0.23975,
  -0.00526, 0.00308, 0.18435,
  0.04515, 0.01574, 0.18389,
  0.04486, 0.02445, 0.23929,
  -0.00526, 0.00308, 0.18435,
  -0.00555, 0.01179, 0.23975,
  0.04486, 0.02445, 0.23929,
  0.04515, 0.01574, 0.18389,
  0.08822, 0.04465, 0.18062,
  0.08793, 0.05336, 0.23602,
  0.04515, 0.01574, 0.18389,
  0.04486, 0.02445, 0.23929,
  0.08793, 0.05336, 0.23602,
  0.08822, 0.04465, 0.18062,
  0.11876, 0.08634, 0.17495,
  0.11847, 0.09505, 0.23035,
  0.08822, 0.04465, 0.18062,
  0.08793, 0.05336, 0.23602,
  0.11847, 0.09505, 0.23035,
  0.11876, 0.08634, 0.17495,
  0.13308, 0.13576, 0.16756,
  0.13279, 0.14447, 0.22296,
  0.11876, 0.08634, 0.17495,
  0.11847, 0.09505, 0.23035,
  0.13279, 0.14447, 0.22296,
  0.13308, 0.13576, 0.16756,
  0.12945, 0.18696, 0.15934,
  0.12917, 0.19567, 0.21474,
  0.13308, 0.13576, 0.16756,
  0.13279, 0.14447, 0.22296,
  0.12917, 0.19567, 0.21474,
  0.07222, 0.27052, 0.14435,
  0.10832, 0.23376, 0.15128,
  0.12945, 0.18696, 0.15934,
  0.07222, 0.27052, 0.14435,
  0.13308, 0.13576, 0.16756,
  0.12945, 0.18696, 0.15934,
  0.12917, 0.19567, 0.21474,
  0.10803, 0.24247, 0.20668,
  0.06923, 0.21642, 0.20962,
  0.12917, 0.19567, 0.21474,
  0.08375, 0.18426, 0.21516,
  0.06923, 0.21642, 0.20962,
  0.10803, 0.24247, 0.20668,
  0.07194, 0.27923, 0.19975,
  0.04443, 0.24168, 0.20486,
  0.10803, 0.24247, 0.20668,
  0.06923, 0.21642, 0.20962,
  0.04443, 0.24168, 0.20486,
  0.07194, 0.27923, 0.19975,
  0.02524, 0.30151, 0.1948,
  0.01234, 0.257, 0.20145,
  0.07194, 0.27923, 0.19975,
  0.04443, 0.24168, 0.20486,
  0.01234, 0.257, 0.20145,
  0.02524, 0.30151, 0.1948,
  -0.02643, 0.30663, 0.19241,
  -0.02316, 0.26052, 0.19981,
  0.02524, 0.30151, 0.1948,
  0.01234, 0.257, 0.20145,
  -0.02316, 0.26052, 0.19981,
  -0.02643, 0.30663, 0.19241,
  -0.07684, 0.29397, 0.19287,
  -0.05781, 0.25182, 0.20013,
  -0.02643, 0.30663, 0.19241,
  -0.02316, 0.26052, 0.19981,
  -0.05781, 0.25182, 0.20013,
  -0.07684, 0.29397, 0.19287,
  -0.11992, 0.26506, 0.19614,
  -0.08741, 0.23195, 0.20238,
  -0.07684, 0.29397, 0.19287,
  -0.05781, 0.25182, 0.20013,
  -0.08741, 0.23195, 0.20238,
  -0.11992, 0.26506, 0.19614,
  -0.15046, 0.22338, 0.20181,
  -0.10839, 0.2033, 0.20627,
  -0.11992, 0.26506, 0.19614,
  -0.08741, 0.23195, 0.20238,
  -0.10839, 0.2033, 0.20627,
  -0.15046, 0.22338, 0.20181,
  -0.16478, 0.17396, 0.2092,
  -0.11823, 0.16934, 0.21135,
  -0.15046, 0.22338, 0.20181,
  -0.10839, 0.2033, 0.20627,
  -0.11823, 0.16934, 0.21135,
  -0.16478, 0.17396, 0.2092,
  -0.16115, 0.12276, 0.21742,
  -0.11574, 0.13416, 0.217,
  -0.16478, 0.17396, 0.2092,
  -0.11823, 0.16934, 0.21135,
  -0.11574, 0.13416, 0.217,
  -0.16115, 0.12276, 0.21742,
  -0.14001, 0.07596, 0.22548,
  -0.10122, 0.102, 0.22254,
  -0.16115, 0.12276, 0.21742,
  -0.11574, 0.13416, 0.217,
  -0.10122, 0.102, 0.22254,
  -0.14001, 0.07596, 0.22548,
  -0.10392, 0.0392, 0.23241,
  -0.07641, 0.07674, 0.2273,
  -0.14001, 0.07596, 0.22548,
  -0.10122, 0.102, 0.22254,
  -0.07641, 0.07674, 0.2273,
  -0.10392, 0.0392, 0.23241,
  -0.05722, 0.01691, 0.23736,
  -0.04432, 0.06143, 0.23071,
  -0.10392, 0.0392, 0.23241,
  -0.07641, 0.07674, 0.2273,
  -0.04432, 0.06143, 0.23071,
  -0.05722, 0.01691, 0.23736,
  -0.00555, 0.01179, 0.23975,
  -0.00881, 0.05791, 0.23235,
  -0.05722, 0.01691, 0.23736,
  -0.04432, 0.06143, 0.23071,
  -0.00881, 0.05791, 0.23235,
  -0.00555, 0.01179, 0.23975,
  0.04486, 0.02445, 0.23929,
  0.02582, 0.06661, 0.23203,
  -0.00555, 0.01179, 0.23975,
  -0.00881, 0.05791, 0.23235,
  0.02582, 0.06661, 0.23203,
  0.04486, 0.02445, 0.23929,
  0.08793, 0.05336, 0.23602,
  0.05542, 0.08648, 0.22978,
  0.04486, 0.02445, 0.23929,
  0.02582, 0.06661, 0.23203,
  0.05542, 0.08648, 0.22978,
  0.08793, 0.05336, 0.23602,
  0.11847, 0.09505, 0.23035,
  0.07641, 0.11512, 0.22589,
  0.08793, 0.05336, 0.23602,
  0.05542, 0.08648, 0.22978,
  0.07641, 0.11512, 0.22589,
  0.11847, 0.09505, 0.23035,
  0.13279, 0.14447, 0.22296,
  0.08625, 0.14908, 0.22081,
  0.11847, 0.09505, 0.23035,
  0.07641, 0.11512, 0.22589,
  0.08625, 0.14908, 0.22081,
  0.13279, 0.14447, 0.22296,
  0.12917, 0.19567, 0.21474,
  0.08375, 0.18426, 0.21516,
  0.13279, 0.14447, 0.22296,
  0.08625, 0.14908, 0.22081,
  0.08375, 0.18426, 0.21516,
  0.08375, 0.18426, 0.21516,
  0.06923, 0.21642, 0.20962,
  0.07072, 0.20921, 0.18941,
  0.08375, 0.18426, 0.21516,
  0.08524, 0.17705, 0.19495,
  0.07072, 0.20921, 0.18941,
  0.06923, 0.21642, 0.20962,
  0.04443, 0.24168, 0.20486,
  0.04591, 0.23447, 0.18465,
  0.06923, 0.21642, 0.20962,
  0.07072, 0.20921, 0.18941,
  0.04591, 0.23447, 0.18465,
  0.04443, 0.24168, 0.20486,
  0.01234, 0.257, 0.20145,
  0.01382, 0.24979, 0.18125,
  0.04443, 0.24168, 0.20486,
  0.04591, 0.23447, 0.18465,
  0.01382, 0.24979, 0.18125,
  0.01234, 0.257, 0.20145,
  -0.02316, 0.26052, 0.19981,
  -0.02168, 0.25331, 0.1796,
  0.01234, 0.257, 0.20145,
  0.01382, 0.24979, 0.18125,
  -0.02168, 0.25331, 0.1796,
  -0.02316, 0.26052, 0.19981,
  -0.05781, 0.25182, 0.20013,
  -0.05632, 0.24461, 0.17992,
  -0.02316, 0.26052, 0.19981,
  -0.02168, 0.25331, 0.1796,
  -0.05632, 0.24461, 0.17992,
  -0.05781, 0.25182, 0.20013,
  -0.08741, 0.23195, 0.20238,
  -0.08592, 0.22474, 0.18217,
  -0.05781, 0.25182, 0.20013,
  -0.05632, 0.24461, 0.17992,
  -0.08592, 0.22474, 0.18217,
  -0.08741, 0.23195, 0.20238,
  -0.10839, 0.2033, 0.20627,
  -0.10691, 0.19609, 0.18606,
  -0.08741, 0.23195, 0.20238,
  -0.08592, 0.22474, 0.18217,
  -0.10691, 0.19609, 0.18606,
  -0.10839, 0.2033, 0.20627,
  -0.11823, 0.16934, 0.21135,
  -0.11675, 0.16213, 0.19114,
  -0.10839, 0.2033, 0.20627,
  -0.10691, 0.19609, 0.18606,
  -0.11675, 0.16213, 0.19114,
  -0.11823, 0.16934, 0.21135,
  -0.11574, 0.13416, 0.217,
  -0.11426, 0.12695, 0.19679,
  -0.11823, 0.16934, 0.21135,
  -0.11675, 0.16213, 0.19114,
  -0.11426, 0.12695, 0.19679,
  -0.11574, 0.13416, 0.217,
  -0.10122, 0.102, 0.22254,
  -0.09973, 0.09479, 0.20233,
  -0.11574, 0.13416, 0.217,
  -0.11426, 0.12695, 0.19679,
  -0.09973, 0.09479, 0.20233,
  -0.10122, 0.102, 0.22254,
  -0.07641, 0.07674, 0.2273,
  -0.07493, 0.06953, 0.20709,
  -0.10122, 0.102, 0.22254,
  -0.09973, 0.09479, 0.20233,
  -0.07493, 0.06953, 0.20709,
  -0.07641, 0.07674, 0.2273,
  -0.04432, 0.06143, 0.23071,
  -0.04284, 0.05421, 0.2105,
  -0.07641, 0.07674, 0.2273,
  -0.07493, 0.06953, 0.20709,
  -0.04284, 0.05421, 0.2105,
  -0.04432, 0.06143, 0.23071,
  -0.00881, 0.05791, 0.23235,
  -0.00733, 0.0507, 0.21214,
  -0.04432, 0.06143, 0.23071,
  -0.04284, 0.05421, 0.2105,
  -0.00733, 0.0507, 0.21214,
  -0.00881, 0.05791, 0.23235,
  0.02582, 0.06661, 0.23203,
  0.0273, 0.0594, 0.21182,
  -0.00881, 0.05791, 0.23235,
  -0.00733, 0.0507, 0.21214,
  0.0273, 0.0594, 0.21182,
  0.02582, 0.06661, 0.23203,
  0.05542, 0.08648, 0.22978,
  0.0569, 0.07926, 0.20958,
  0.02582, 0.06661, 0.23203,
  0.0273, 0.0594, 0.21182,
  0.0569, 0.07926, 0.20958,
  0.05542, 0.08648, 0.22978,
  0.07641, 0.11512, 0.22589,
  0.07789, 0.10791, 0.20568,
  0.05542, 0.08648, 0.22978,
  0.0569, 0.07926, 0.20958,
  0.07789, 0.10791, 0.20568,
  0.07641, 0.11512, 0.22589,
  0.08625, 0.14908, 0.22081,
  0.08773, 0.14187, 0.2006,
  0.07641, 0.11512, 0.22589,
  0.07789, 0.10791, 0.20568,
  0.08773, 0.14187, 0.2006,
  0.08625, 0.14908, 0.22081,
  0.08375, 0.18426, 0.21516,
  0.08524, 0.17705, 0.19495,
  0.08625, 0.14908, 0.22081,
  0.08773, 0.14187, 0.2006,
  0.08524, 0.17705, 0.19495,
  0.08524, 0.17705, 0.19495,
  0.07072, 0.20921, 0.18941,
  -0.0145, 0.152, 0.19587,
  0.07072, 0.20921, 0.18941,
  0.04591, 0.23447, 0.18465,
  -0.0145, 0.152, 0.19587,
  0.04591, 0.23447, 0.18465,
  0.01382, 0.24979, 0.18125,
  -0.0145, 0.152, 0.19587,
  0.01382, 0.24979, 0.18125,
  -0.02168, 0.25331, 0.1796,
  -0.0145, 0.152, 0.19587,
  -0.02168, 0.25331, 0.1796,
  -0.05632, 0.24461, 0.17992,
  -0.0145, 0.152, 0.19587,
  -0.05632, 0.24461, 0.17992,
  -0.08592, 0.22474, 0.18217,
  -0.0145, 0.152, 0.19587,
  -0.08592, 0.22474, 0.18217,
  -0.10691, 0.19609, 0.18606,
  -0.0145, 0.152, 0.19587,
  -0.10691, 0.19609, 0.18606,
  -0.11675, 0.16213, 0.19114,
  -0.0145, 0.152, 0.19587,
  -0.11675, 0.16213, 0.19114,
  -0.11426, 0.12695, 0.19679,
  -0.0145, 0.152, 0.19587,
  -0.11426, 0.12695, 0.19679,
  -0.09973, 0.09479, 0.20233,
  -0.0145, 0.152, 0.19587,
  -0.09973, 0.09479, 0.20233,
  -0.07493, 0.06953, 0.20709,
  -0.0145, 0.152, 0.19587,
  -0.07493, 0.06953, 0.20709,
  -0.04284, 0.05421, 0.2105,
  -0.0145, 0.152, 0.19587,
  -0.04284, 0.05421, 0.2105,
  -0.00733, 0.0507, 0.21214,
  -0.0145, 0.152, 0.19587,
  -0.00733, 0.0507, 0.21214,
  0.0273, 0.0594, 0.21182,
  -0.0145, 0.152, 0.19587,
  0.0273, 0.0594, 0.21182,
  0.0569, 0.07926, 0.20958,
  -0.0145, 0.152, 0.19587,
  0.0569, 0.07926, 0.20958,
  0.07789, 0.10791, 0.20568,
  -0.0145, 0.152, 0.19587,
  0.07789, 0.10791, 0.20568,
  0.08773, 0.14187, 0.2006,
  -0.0145, 0.152, 0.19587,
  0.08773, 0.14187, 0.2006,
  0.08524, 0.17705, 0.19495,
  -0.0145, 0.152, 0.19587,
  -0.0145, 0.152, 0.19587